fecha,nombre_dia,ventas,compra,Inventario
2022-01-01,Saturday,227,0,493
2022-01-02,Sunday,0,0,493
2022-01-03,Monday,4,720,1209
2022-01-04,Tuesday,11,0,1198
2022-01-05,Wednesday,43,0,1155
2022-01-06,Thursday,75,0,1080
2022-01-07,Friday,76,0,1004
2022-01-08,Saturday,195,0,809
2022-01-09,Sunday,0,0,809
2022-01-10,Monday,5,720,1524
2022-01-11,Tuesday,22,0,1502
2022-01-12,Wednesday,52,0,1450
2022-01-13,Thursday,122,0,1328
2022-01-14,Friday,206,0,1122
2022-01-15,Saturday,114,0,1008
2022-01-16,Sunday,0,0,1008
2022-01-17,Monday,6,720,1722
2022-01-18,Tuesday,16,0,1706
2022-01-19,Wednesday,31,0,1675
2022-01-20,Thursday,87,0,1588
2022-01-21,Friday,325,0,1263
2022-01-22,Saturday,216,0,1047
2022-01-23,Sunday,0,0,1047
2022-01-24,Monday,4,720,1763
2022-01-25,Tuesday,28,0,1735
2022-01-26,Wednesday,16,0,1719
2022-01-27,Thursday,179,0,1540
2022-01-28,Friday,312,0,1228
2022-01-29,Saturday,174,0,1054
2022-01-30,Sunday,0,0,1054
2022-01-31,Monday,8,720,1766
2022-02-01,Tuesday,15,0,1751
2022-02-02,Wednesday,39,0,1712
2022-02-03,Thursday,175,0,1537
2022-02-04,Friday,290,0,1247
2022-02-05,Saturday,216,0,1031
2022-02-06,Sunday,0,0,1031
2022-02-07,Monday,6,720,1745
2022-02-08,Tuesday,20,0,1725
2022-02-09,Wednesday,53,0,1672
2022-02-10,Thursday,151,0,1521
2022-02-11,Friday,241,0,1280
2022-02-12,Saturday,181,0,1099
2022-02-13,Sunday,0,0,1099
2022-02-14,Monday,7,720,1812
2022-02-15,Tuesday,15,0,1797
2022-02-16,Wednesday,55,0,1742
2022-02-17,Thursday,158,0,1584
2022-02-18,Friday,203,0,1381
2022-02-19,Saturday,283,0,1098
2022-02-20,Sunday,0,0,1098
2022-02-21,Monday,9,720,1809
2022-02-22,Tuesday,19,0,1790
2022-02-23,Wednesday,26,0,1764
2022-02-24,Thursday,170,0,1594
2022-02-25,Friday,313,0,1281
2022-02-26,Saturday,155,0,1126
2022-02-27,Sunday,0,0,1126
2022-02-28,Monday,6,720,1840
2022-03-01,Tuesday,14,0,1826
2022-03-02,Wednesday,47,0,1779
2022-03-03,Thursday,171,0,1608
2022-03-04,Friday,204,0,1404
2022-03-05,Saturday,301,0,1103
2022-03-06,Sunday,0,0,1103
2022-03-07,Monday,5,720,1818
2022-03-08,Tuesday,24,0,1794
2022-03-09,Wednesday,17,0,1777
2022-03-10,Thursday,99,0,1678
2022-03-11,Friday,213,0,1465
2022-03-12,Saturday,237,0,1228
2022-03-13,Sunday,0,0,1228
2022-03-14,Monday,6,720,1942
2022-03-15,Tuesday,23,0,1919
2022-03-16,Wednesday,32,0,1887
2022-03-17,Thursday,224,0,1663
2022-03-18,Friday,207,0,1456
2022-03-19,Saturday,222,0,1234
2022-03-20,Sunday,0,0,1234
2022-03-21,Monday,4,720,1950
2022-03-22,Tuesday,26,0,1924
2022-03-23,Wednesday,39,0,1885
2022-03-24,Thursday,159,0,1726
2022-03-25,Friday,88,0,1638
2022-03-26,Saturday,131,0,1507
2022-03-27,Sunday,0,0,1507
2022-03-28,Monday,7,720,2220
2022-03-29,Tuesday,16,0,2204
2022-03-30,Wednesday,42,0,2162
2022-03-31,Thursday,242,0,1920
2022-04-01,Friday,65,0,1855
2022-04-02,Saturday,277,0,1578
2022-04-03,Sunday,0,0,1578
2022-04-04,Monday,5,720,2293
2022-04-05,Tuesday,18,0,2275
2022-04-06,Wednesday,46,0,2229
2022-04-07,Thursday,205,0,2024
2022-04-08,Friday,195,0,1829
2022-04-09,Saturday,153,0,1676
2022-04-10,Sunday,0,0,1676
2022-04-11,Monday,3,720,2393
2022-04-12,Tuesday,8,0,2385
2022-04-13,Wednesday,62,0,2323
2022-04-14,Thursday,194,0,2129
2022-04-15,Friday,157,0,1972
2022-04-16,Saturday,230,0,1742
2022-04-17,Sunday,0,0,1742
2022-04-18,Monday,5,720,2457
2022-04-19,Tuesday,14,0,2443
2022-04-20,Wednesday,55,0,2388
2022-04-21,Thursday,188,0,2200
2022-04-22,Friday,311,0,1889
2022-04-23,Saturday,244,0,1645
2022-04-24,Sunday,0,0,1645
2022-04-25,Monday,9,720,2356
2022-04-26,Tuesday,24,0,2332
2022-04-27,Wednesday,52,0,2280
2022-04-28,Thursday,108,0,2172
2022-04-29,Friday,63,0,2109
2022-04-30,Saturday,181,0,1928
2022-05-01,Sunday,0,0,1928
2022-05-02,Monday,7,720,2641
2022-05-03,Tuesday,20,0,2621
2022-05-04,Wednesday,32,0,2589
2022-05-05,Thursday,91,0,2498
2022-05-06,Friday,122,0,2376
2022-05-07,Saturday,203,0,2173
2022-05-08,Sunday,0,0,2173
2022-05-09,Monday,3,720,2890
2022-05-10,Tuesday,23,0,2867
2022-05-11,Wednesday,40,0,2827
2022-05-12,Thursday,190,0,2637
2022-05-13,Friday,196,0,2441
2022-05-14,Saturday,100,0,2341
2022-05-15,Sunday,0,0,2341
2022-05-16,Monday,3,720,3058
2022-05-17,Tuesday,31,0,3027
2022-05-18,Wednesday,38,0,2989
2022-05-19,Thursday,125,0,2864
2022-05-20,Friday,244,0,2620
2022-05-21,Saturday,81,0,2539
2022-05-22,Sunday,0,0,2539
2022-05-23,Monday,2,720,3257
2022-05-24,Tuesday,19,0,3238
2022-05-25,Wednesday,27,0,3211
2022-05-26,Thursday,178,0,3033
2022-05-27,Friday,281,0,2752
2022-05-28,Saturday,205,0,2547
2022-05-29,Sunday,0,0,2547
2022-05-30,Monday,6,720,3261
2022-05-31,Tuesday,17,0,3244
2022-06-01,Wednesday,38,0,3206
2022-06-02,Thursday,121,0,3085
2022-06-03,Friday,270,0,2815
2022-06-04,Saturday,286,0,2529
2022-06-05,Sunday,0,0,2529
2022-06-06,Monday,3,720,3246
2022-06-07,Tuesday,23,0,3223
2022-06-08,Wednesday,55,0,3168
2022-06-09,Thursday,134,0,3034
2022-06-10,Friday,92,0,2942
2022-06-11,Saturday,213,0,2729
2022-06-12,Sunday,0,0,2729
2022-06-13,Monday,6,720,3443
2022-06-14,Tuesday,30,0,3413
2022-06-15,Wednesday,41,0,3372
2022-06-16,Thursday,167,0,3205
2022-06-17,Friday,268,0,2937
2022-06-18,Saturday,291,0,2646
2022-06-19,Sunday,0,0,2646
2022-06-20,Monday,5,720,3361
2022-06-21,Tuesday,12,0,3349
2022-06-22,Wednesday,34,0,3315
2022-06-23,Thursday,109,0,3206
2022-06-24,Friday,199,0,3007
2022-06-25,Saturday,173,0,2834
2022-06-26,Sunday,0,0,2834
2022-06-27,Monday,6,720,3548
2022-06-28,Tuesday,18,0,3530
2022-06-29,Wednesday,41,0,3489
2022-06-30,Thursday,224,0,3265
2022-07-01,Friday,183,0,3082
2022-07-02,Saturday,176,0,2906
2022-07-03,Sunday,0,0,2906
2022-07-04,Monday,6,720,3620
2022-07-05,Tuesday,16,0,3604
2022-07-06,Wednesday,35,0,3569
2022-07-07,Thursday,159,0,3410
2022-07-08,Friday,191,0,3219
2022-07-09,Saturday,257,0,2962
2022-07-10,Sunday,0,0,2962
2022-07-11,Monday,9,720,3673
2022-07-12,Tuesday,14,0,3659
2022-07-13,Wednesday,65,0,3594
2022-07-14,Thursday,141,0,3453
2022-07-15,Friday,173,0,3280
2022-07-16,Saturday,172,0,3108
2022-07-17,Sunday,0,0,3108
2022-07-18,Monday,5,720,3823
2022-07-19,Tuesday,9,0,3814
2022-07-20,Wednesday,37,0,3777
2022-07-21,Thursday,159,0,3618
2022-07-22,Friday,200,0,3418
2022-07-23,Saturday,223,0,3195
2022-07-24,Sunday,0,0,3195
2022-07-25,Monday,4,720,3911
2022-07-26,Tuesday,21,0,3890
2022-07-27,Wednesday,38,0,3852
2022-07-28,Thursday,140,0,3712
2022-07-29,Friday,299,0,3413
2022-07-30,Saturday,194,0,3219
2022-07-31,Sunday,0,0,3219
2022-08-01,Monday,4,720,3935
2022-08-02,Tuesday,24,0,3911
2022-08-03,Wednesday,46,0,3865
2022-08-04,Thursday,142,0,3723
2022-08-05,Friday,188,0,3535
2022-08-06,Saturday,172,0,3363
2022-08-07,Sunday,0,0,3363
2022-08-08,Monday,4,720,4079
2022-08-09,Tuesday,17,0,4062
2022-08-10,Wednesday,28,0,4034
2022-08-11,Thursday,142,0,3892
2022-08-12,Friday,200,0,3692
2022-08-13,Saturday,171,0,3521
2022-08-14,Sunday,0,0,3521
2022-08-15,Monday,4,720,4237
2022-08-16,Tuesday,27,0,4210
2022-08-17,Wednesday,20,0,4190
2022-08-18,Thursday,84,0,4106
2022-08-19,Friday,41,0,4065
2022-08-20,Saturday,246,0,3819
2022-08-21,Sunday,0,0,3819
2022-08-22,Monday,2,720,4537
2022-08-23,Tuesday,18,0,4519
2022-08-24,Wednesday,49,0,4470
2022-08-25,Thursday,196,0,4274
2022-08-26,Friday,174,0,4100
2022-08-27,Saturday,225,0,3875
2022-08-28,Sunday,0,0,3875
2022-08-29,Monday,2,720,4593
2022-08-30,Tuesday,3,0,4590
2022-08-31,Wednesday,50,0,4540
2022-09-01,Thursday,161,0,4379
2022-09-02,Friday,121,0,4258
2022-09-03,Saturday,255,0,4003
2022-09-04,Sunday,0,0,4003
2022-09-05,Monday,5,720,4718
2022-09-06,Tuesday,20,0,4698
2022-09-07,Wednesday,28,0,4670
2022-09-08,Thursday,153,0,4517
2022-09-09,Friday,167,0,4350
2022-09-10,Saturday,189,0,4161
2022-09-11,Sunday,0,0,4161
2022-09-12,Monday,3,720,4878
2022-09-13,Tuesday,17,0,4861
2022-09-14,Wednesday,39,0,4822
2022-09-15,Thursday,162,0,4660
2022-09-16,Friday,113,0,4547
2022-09-17,Saturday,243,0,4304
2022-09-18,Sunday,0,0,4304
2022-09-19,Monday,7,720,5017
2022-09-20,Tuesday,24,0,4993
2022-09-21,Wednesday,55,0,4938
2022-09-22,Thursday,213,0,4725
2022-09-23,Friday,336,0,4389
2022-09-24,Saturday,72,0,4317
2022-09-25,Sunday,0,0,4317
2022-09-26,Monday,2,720,5035
2022-09-27,Tuesday,19,0,5016
2022-09-28,Wednesday,37,0,4979
2022-09-29,Thursday,128,0,4851
2022-09-30,Friday,304,0,4547
2022-10-01,Saturday,173,0,4374
2022-10-02,Sunday,0,0,4374
2022-10-03,Monday,3,720,5091
2022-10-04,Tuesday,28,0,5063
2022-10-05,Wednesday,41,0,5022
2022-10-06,Thursday,44,0,4978
2022-10-07,Friday,210,0,4768
2022-10-08,Saturday,263,0,4505
2022-10-09,Sunday,0,0,4505
2022-10-10,Monday,7,720,5218
2022-10-11,Tuesday,21,0,5197
2022-10-12,Wednesday,45,0,5152
2022-10-13,Thursday,94,0,5058
2022-10-14,Friday,99,0,4959
2022-10-15,Saturday,181,0,4778
2022-10-16,Sunday,0,0,4778
2022-10-17,Monday,7,720,5491
2022-10-18,Tuesday,12,0,5479
2022-10-19,Wednesday,39,0,5440
2022-10-20,Thursday,102,0,5338
2022-10-21,Friday,256,0,5082
2022-10-22,Saturday,244,0,4838
2022-10-23,Sunday,0,0,4838
2022-10-24,Monday,4,720,5554
2022-10-25,Tuesday,23,0,5531
2022-10-26,Wednesday,50,0,5481
2022-10-27,Thursday,145,0,5336
2022-10-28,Friday,194,0,5142
2022-10-29,Saturday,113,0,5029
2022-10-30,Sunday,0,0,5029
2022-10-31,Monday,5,720,5744
2022-11-01,Tuesday,26,0,5718
2022-11-02,Wednesday,30,0,5688
2022-11-03,Thursday,164,0,5524
2022-11-04,Friday,145,0,5379
2022-11-05,Saturday,206,0,5173
2022-11-06,Sunday,0,0,5173
2022-11-07,Monday,5,720,5888
2022-11-08,Tuesday,15,0,5873
2022-11-09,Wednesday,36,0,5837
2022-11-10,Thursday,173,0,5664
2022-11-11,Friday,272,0,5392
2022-11-12,Saturday,172,0,5220
2022-11-13,Sunday,0,0,5220
2022-11-14,Monday,5,720,5935
2022-11-15,Tuesday,18,0,5917
2022-11-16,Wednesday,51,0,5866
2022-11-17,Thursday,108,0,5758
2022-11-18,Friday,276,0,5482
2022-11-19,Saturday,223,0,5259
2022-11-20,Sunday,0,0,5259
2022-11-21,Monday,5,720,5974
2022-11-22,Tuesday,9,0,5965
2022-11-23,Wednesday,57,0,5908
2022-11-24,Thursday,120,0,5788
2022-11-25,Friday,280,0,5508
2022-11-26,Saturday,210,0,5298
2022-11-27,Sunday,0,0,5298
2022-11-28,Monday,7,720,6011
2022-11-29,Tuesday,26,0,5985
2022-11-30,Wednesday,48,0,5937
2022-12-01,Thursday,120,0,5817
2022-12-02,Friday,136,0,5681
2022-12-03,Saturday,222,0,5459
2022-12-04,Sunday,0,0,5459
2022-12-05,Monday,5,720,6174
2022-12-06,Tuesday,25,0,6149
2022-12-07,Wednesday,28,0,6121
2022-12-08,Thursday,186,0,5935
2022-12-09,Friday,235,0,5700
2022-12-10,Saturday,73,0,5627
2022-12-11,Sunday,0,0,5627
2022-12-12,Monday,2,720,6345
2022-12-13,Tuesday,27,0,6318
2022-12-14,Wednesday,34,0,6284
2022-12-15,Thursday,119,0,6165
2022-12-16,Friday,191,0,5974
2022-12-17,Saturday,157,0,5817
2022-12-18,Sunday,0,0,5817
2022-12-19,Monday,4,720,6533
2022-12-20,Tuesday,24,0,6509
2022-12-21,Wednesday,52,0,6457
2022-12-22,Thursday,159,0,6298
2022-12-23,Friday,139,0,6159
2022-12-24,Saturday,296,0,5863
2022-12-25,Sunday,0,0,5863
2022-12-26,Monday,5,720,6578
2022-12-27,Tuesday,18,0,6560
2022-12-28,Wednesday,33,0,6527
2022-12-29,Thursday,181,0,6346
2022-12-30,Friday,188,0,6158
2022-12-31,Saturday,241,0,5917
2023-01-01,Sunday,0,0,5917
2023-01-02,Monday,8,720,6629
2023-01-03,Tuesday,16,0,6613
2023-01-04,Wednesday,24,0,6589
2023-01-05,Thursday,103,0,6486
2023-01-06,Friday,302,0,6184
2023-01-07,Saturday,193,0,5991
2023-01-08,Sunday,0,0,5991
2023-01-09,Monday,3,720,6708
2023-01-10,Tuesday,26,0,6682
2023-01-11,Wednesday,34,0,6648
2023-01-12,Thursday,140,0,6508
2023-01-13,Friday,157,0,6351
2023-01-14,Saturday,253,0,6098
2023-01-15,Sunday,0,0,6098
2023-01-16,Monday,3,720,6815
2023-01-17,Tuesday,25,0,6790
2023-01-18,Wednesday,31,0,6759
2023-01-19,Thursday,171,0,6588
2023-01-20,Friday,215,0,6373
2023-01-21,Saturday,179,0,6194
2023-01-22,Sunday,0,0,6194
2023-01-23,Monday,6,720,6908
2023-01-24,Tuesday,21,0,6887
2023-01-25,Wednesday,57,0,6830
2023-01-26,Thursday,186,0,6644
2023-01-27,Friday,167,0,6477
2023-01-28,Saturday,132,0,6345
2023-01-29,Sunday,0,0,6345
2023-01-30,Monday,5,720,7060
2023-01-31,Tuesday,22,0,7038
2023-02-01,Wednesday,29,0,7009
2023-02-02,Thursday,165,0,6844
2023-02-03,Friday,176,0,6668
2023-02-04,Saturday,145,0,6523
2023-02-05,Sunday,0,0,6523
2023-02-06,Monday,7,720,7236
2023-02-07,Tuesday,23,0,7213
2023-02-08,Wednesday,39,0,7174
2023-02-09,Thursday,120,0,7054
2023-02-10,Friday,150,0,6904
2023-02-11,Saturday,126,0,6778
2023-02-12,Sunday,0,0,6778
2023-02-13,Monday,4,720,7494
2023-02-14,Tuesday,15,0,7479
2023-02-15,Wednesday,51,0,7428
2023-02-16,Thursday,208,0,7220
2023-02-17,Friday,253,0,6967
2023-02-18,Saturday,277,0,6690
2023-02-19,Sunday,0,0,6690
2023-02-20,Monday,4,720,7406
2023-02-21,Tuesday,21,0,7385
2023-02-22,Wednesday,27,0,7358
2023-02-23,Thursday,189,0,7169
2023-02-24,Friday,195,0,6974
2023-02-25,Saturday,233,0,6741
2023-02-26,Sunday,0,0,6741
2023-02-27,Monday,5,720,7456
2023-02-28,Tuesday,22,0,7434
2023-03-01,Wednesday,44,0,7390
2023-03-02,Thursday,116,0,7274
2023-03-03,Friday,268,0,7006
2023-03-04,Saturday,260,0,6746
2023-03-05,Sunday,0,0,6746
2023-03-06,Monday,5,720,7461
2023-03-07,Tuesday,20,0,7441
2023-03-08,Wednesday,28,0,7413
2023-03-09,Thursday,154,0,7259
2023-03-10,Friday,144,0,7115
2023-03-11,Saturday,171,0,6944
2023-03-12,Sunday,0,0,6944
2023-03-13,Monday,6,720,7658
2023-03-14,Tuesday,17,0,7641
2023-03-15,Wednesday,38,0,7603
2023-03-16,Thursday,164,0,7439
2023-03-17,Friday,115,0,7324
2023-03-18,Saturday,159,0,7165
2023-03-19,Sunday,0,0,7165
2023-03-20,Monday,4,720,7881
2023-03-21,Tuesday,15,0,7866
2023-03-22,Wednesday,24,0,7842
2023-03-23,Thursday,106,0,7736
2023-03-24,Friday,268,0,7468
2023-03-25,Saturday,166,0,7302
2023-03-26,Sunday,0,0,7302
2023-03-27,Monday,4,720,8018
2023-03-28,Tuesday,25,0,7993
2023-03-29,Wednesday,56,0,7937
2023-03-30,Thursday,135,0,7802
2023-03-31,Friday,166,0,7636
2023-04-01,Saturday,257,0,7379
2023-04-02,Sunday,0,0,7379
2023-04-03,Monday,7,720,8092
2023-04-04,Tuesday,21,0,8071
2023-04-05,Wednesday,20,0,8051
