fecha,nombre_dia,ventas,compra,Inventario
2022-01-01,Saturday,186,0,534
2022-01-02,Sunday,0,0,534
2022-01-03,Monday,6,720,1248
2022-01-04,Tuesday,13,0,1235
2022-01-05,Wednesday,27,0,1208
2022-01-06,Thursday,157,0,1051
2022-01-07,Friday,205,0,846
2022-01-08,Saturday,134,0,712
2022-01-09,Sunday,0,0,712
2022-01-10,Monday,5,720,1427
2022-01-11,Tuesday,21,0,1406
2022-01-12,Wednesday,28,0,1378
2022-01-13,Thursday,150,0,1228
2022-01-14,Friday,157,0,1071
2022-01-15,Saturday,181,0,890
2022-01-16,Sunday,0,0,890
2022-01-17,Monday,6,720,1604
2022-01-18,Tuesday,23,0,1581
2022-01-19,Wednesday,47,0,1534
2022-01-20,Thursday,31,0,1503
2022-01-21,Friday,186,0,1317
2022-01-22,Saturday,282,0,1035
2022-01-23,Sunday,0,0,1035
2022-01-24,Monday,4,720,1751
2022-01-25,Tuesday,22,0,1729
2022-01-26,Wednesday,45,0,1684
2022-01-27,Thursday,60,0,1624
2022-01-28,Friday,155,0,1469
2022-01-29,Saturday,124,0,1345
2022-01-30,Sunday,0,0,1345
2022-01-31,Monday,6,720,2059
2022-02-01,Tuesday,24,0,2035
2022-02-02,Wednesday,56,0,1979
2022-02-03,Thursday,150,0,1829
2022-02-04,Friday,216,0,1613
2022-02-05,Saturday,195,0,1418
2022-02-06,Sunday,0,0,1418
2022-02-07,Monday,4,720,2134
2022-02-08,Tuesday,12,0,2122
2022-02-09,Wednesday,34,0,2088
2022-02-10,Thursday,137,0,1951
2022-02-11,Friday,180,0,1771
2022-02-12,Saturday,233,0,1538
2022-02-13,Sunday,0,0,1538
2022-02-14,Monday,8,720,2250
2022-02-15,Tuesday,11,0,2239
2022-02-16,Wednesday,41,0,2198
2022-02-17,Thursday,199,0,1999
2022-02-18,Friday,194,0,1805
2022-02-19,Saturday,186,0,1619
2022-02-20,Sunday,0,0,1619
2022-02-21,Monday,4,720,2335
2022-02-22,Tuesday,18,0,2317
2022-02-23,Wednesday,53,0,2264
2022-02-24,Thursday,142,0,2122
2022-02-25,Friday,257,0,1865
2022-02-26,Saturday,183,0,1682
2022-02-27,Sunday,0,0,1682
2022-02-28,Monday,7,720,2395
2022-03-01,Tuesday,14,0,2381
2022-03-02,Wednesday,61,0,2320
2022-03-03,Thursday,183,0,2137
2022-03-04,Friday,157,0,1980
2022-03-05,Saturday,121,0,1859
2022-03-06,Sunday,0,0,1859
2022-03-07,Monday,3,720,2576
2022-03-08,Tuesday,26,0,2550
2022-03-09,Wednesday,34,0,2516
2022-03-10,Thursday,140,0,2376
2022-03-11,Friday,259,0,2117
2022-03-12,Saturday,177,0,1940
2022-03-13,Sunday,0,0,1940
2022-03-14,Monday,9,720,2651
2022-03-15,Tuesday,5,0,2646
2022-03-16,Wednesday,42,0,2604
2022-03-17,Thursday,154,0,2450
2022-03-18,Friday,148,0,2302
2022-03-19,Saturday,140,0,2162
2022-03-20,Sunday,0,0,2162
2022-03-21,Monday,5,720,2877
2022-03-22,Tuesday,21,0,2856
2022-03-23,Wednesday,54,0,2802
2022-03-24,Thursday,193,0,2609
2022-03-25,Friday,159,0,2450
2022-03-26,Saturday,281,0,2169
2022-03-27,Sunday,0,0,2169
2022-03-28,Monday,6,720,2883
2022-03-29,Tuesday,22,0,2861
2022-03-30,Wednesday,29,0,2832
2022-03-31,Thursday,27,0,2805
2022-04-01,Friday,223,0,2582
2022-04-02,Saturday,242,0,2340
2022-04-03,Sunday,0,0,2340
2022-04-04,Monday,6,720,3054
2022-04-05,Tuesday,26,0,3028
2022-04-06,Wednesday,35,0,2993
2022-04-07,Thursday,170,0,2823
2022-04-08,Friday,205,0,2618
2022-04-09,Saturday,237,0,2381
2022-04-10,Sunday,0,0,2381
2022-04-11,Monday,4,720,3097
2022-04-12,Tuesday,21,0,3076
2022-04-13,Wednesday,32,0,3044
2022-04-14,Thursday,96,0,2948
2022-04-15,Friday,160,0,2788
2022-04-16,Saturday,271,0,2517
2022-04-17,Sunday,0,0,2517
2022-04-18,Monday,4,720,3233
2022-04-19,Tuesday,12,0,3221
2022-04-20,Wednesday,33,0,3188
2022-04-21,Thursday,139,0,3049
2022-04-22,Friday,292,0,2757
2022-04-23,Saturday,152,0,2605
2022-04-24,Sunday,0,0,2605
2022-04-25,Monday,5,720,3320
2022-04-26,Tuesday,18,0,3302
2022-04-27,Wednesday,54,0,3248
2022-04-28,Thursday,158,0,3090
2022-04-29,Friday,239,0,2851
2022-04-30,Saturday,86,0,2765
2022-05-01,Sunday,0,0,2765
2022-05-02,Monday,7,720,3478
2022-05-03,Tuesday,25,0,3453
2022-05-04,Wednesday,64,0,3389
2022-05-05,Thursday,60,0,3329
2022-05-06,Friday,274,0,3055
2022-05-07,Saturday,269,0,2786
2022-05-08,Sunday,0,0,2786
2022-05-09,Monday,6,720,3500
2022-05-10,Tuesday,20,0,3480
2022-05-11,Wednesday,54,0,3426
2022-05-12,Thursday,175,0,3251
2022-05-13,Friday,209,0,3042
2022-05-14,Saturday,206,0,2836
2022-05-15,Sunday,0,0,2836
2022-05-16,Monday,5,720,3551
2022-05-17,Tuesday,24,0,3527
2022-05-18,Wednesday,30,0,3497
2022-05-19,Thursday,183,0,3314
2022-05-20,Friday,109,0,3205
2022-05-21,Saturday,348,0,2857
2022-05-22,Sunday,0,0,2857
2022-05-23,Monday,6,720,3571
2022-05-24,Tuesday,25,0,3546
2022-05-25,Wednesday,62,0,3484
2022-05-26,Thursday,123,0,3361
2022-05-27,Friday,129,0,3232
2022-05-28,Saturday,244,0,2988
2022-05-29,Sunday,0,0,2988
2022-05-30,Monday,4,720,3704
2022-05-31,Tuesday,26,0,3678
2022-06-01,Wednesday,42,0,3636
2022-06-02,Thursday,156,0,3480
2022-06-03,Friday,279,0,3201
2022-06-04,Saturday,229,0,2972
2022-06-05,Sunday,0,0,2972
2022-06-06,Monday,2,720,3690
2022-06-07,Tuesday,18,0,3672
2022-06-08,Wednesday,4,0,3668
2022-06-09,Thursday,62,0,3606
2022-06-10,Friday,225,0,3381
2022-06-11,Saturday,269,0,3112
2022-06-12,Sunday,0,0,3112
2022-06-13,Monday,2,720,3830
2022-06-14,Tuesday,22,0,3808
2022-06-15,Wednesday,65,0,3743
2022-06-16,Thursday,124,0,3619
2022-06-17,Friday,339,0,3280
2022-06-18,Saturday,182,0,3098
2022-06-19,Sunday,0,0,3098
2022-06-20,Monday,8,720,3810
2022-06-21,Tuesday,20,0,3790
2022-06-22,Wednesday,60,0,3730
2022-06-23,Thursday,86,0,3644
2022-06-24,Friday,191,0,3453
2022-06-25,Saturday,230,0,3223
2022-06-26,Sunday,0,0,3223
2022-06-27,Monday,7,720,3936
2022-06-28,Tuesday,22,0,3914
2022-06-29,Wednesday,45,0,3869
2022-06-30,Thursday,153,0,3716
2022-07-01,Friday,256,0,3460
2022-07-02,Saturday,251,0,3209
2022-07-03,Sunday,0,0,3209
2022-07-04,Monday,5,720,3924
2022-07-05,Tuesday,19,0,3905
2022-07-06,Wednesday,24,0,3881
2022-07-07,Thursday,56,0,3825
2022-07-08,Friday,237,0,3588
2022-07-09,Saturday,304,0,3284
2022-07-10,Sunday,0,0,3284
2022-07-11,Monday,7,720,3997
2022-07-12,Tuesday,11,0,3986
2022-07-13,Wednesday,45,0,3941
2022-07-14,Thursday,159,0,3782
2022-07-15,Friday,160,0,3622
2022-07-16,Saturday,120,0,3502
2022-07-17,Sunday,0,0,3502
2022-07-18,Monday,5,720,4217
2022-07-19,Tuesday,21,0,4196
2022-07-20,Wednesday,37,0,4159
2022-07-21,Thursday,83,0,4076
2022-07-22,Friday,146,0,3930
2022-07-23,Saturday,246,0,3684
2022-07-24,Sunday,0,0,3684
2022-07-25,Monday,5,720,4399
2022-07-26,Tuesday,22,0,4377
2022-07-27,Wednesday,21,0,4356
2022-07-28,Thursday,265,0,4091
2022-07-29,Friday,234,0,3857
2022-07-30,Saturday,122,0,3735
2022-07-31,Sunday,0,0,3735
2022-08-01,Monday,6,720,4449
2022-08-02,Tuesday,26,0,4423
2022-08-03,Wednesday,46,0,4377
2022-08-04,Thursday,114,0,4263
2022-08-05,Friday,222,0,4041
2022-08-06,Saturday,227,0,3814
2022-08-07,Sunday,0,0,3814
2022-08-08,Monday,5,720,4529
2022-08-09,Tuesday,24,0,4505
2022-08-10,Wednesday,24,0,4481
2022-08-11,Thursday,228,0,4253
2022-08-12,Friday,227,0,4026
2022-08-13,Saturday,213,0,3813
2022-08-14,Sunday,0,0,3813
2022-08-15,Monday,7,720,4526
2022-08-16,Tuesday,22,0,4504
2022-08-17,Wednesday,47,0,4457
2022-08-18,Thursday,111,0,4346
2022-08-19,Friday,129,0,4217
2022-08-20,Saturday,210,0,4007
2022-08-21,Sunday,0,0,4007
2022-08-22,Monday,3,720,4724
2022-08-23,Tuesday,20,0,4704
2022-08-24,Wednesday,52,0,4652
2022-08-25,Thursday,212,0,4440
2022-08-26,Friday,100,0,4340
2022-08-27,Saturday,159,0,4181
2022-08-28,Sunday,0,0,4181
2022-08-29,Monday,6,720,4895
2022-08-30,Tuesday,16,0,4879
2022-08-31,Wednesday,32,0,4847
2022-09-01,Thursday,47,0,4800
2022-09-02,Friday,106,0,4694
2022-09-03,Saturday,172,0,4522
2022-09-04,Sunday,0,0,4522
2022-09-05,Monday,3,720,5239
2022-09-06,Tuesday,23,0,5216
2022-09-07,Wednesday,47,0,5169
2022-09-08,Thursday,167,0,5002
2022-09-09,Friday,241,0,4761
2022-09-10,Saturday,123,0,4638
2022-09-11,Sunday,0,0,4638
2022-09-12,Monday,6,720,5352
2022-09-13,Tuesday,27,0,5325
2022-09-14,Wednesday,25,0,5300
2022-09-15,Thursday,124,0,5176
2022-09-16,Friday,227,0,4949
2022-09-17,Saturday,161,0,4788
2022-09-18,Sunday,0,0,4788
2022-09-19,Monday,3,720,5505
2022-09-20,Tuesday,17,0,5488
2022-09-21,Wednesday,52,0,5436
2022-09-22,Thursday,152,0,5284
2022-09-23,Friday,232,0,5052
2022-09-24,Saturday,62,0,4990
2022-09-25,Sunday,0,0,4990
2022-09-26,Monday,4,720,5706
2022-09-27,Tuesday,15,0,5691
2022-09-28,Wednesday,43,0,5648
2022-09-29,Thursday,72,0,5576
2022-09-30,Friday,171,0,5405
2022-10-01,Saturday,173,0,5232
2022-10-02,Sunday,0,0,5232
2022-10-03,Monday,3,720,5949
2022-10-04,Tuesday,14,0,5935
2022-10-05,Wednesday,57,0,5878
2022-10-06,Thursday,118,0,5760
2022-10-07,Friday,265,0,5495
2022-10-08,Saturday,134,0,5361
2022-10-09,Sunday,0,0,5361
2022-10-10,Monday,5,720,6076
2022-10-11,Tuesday,29,0,6047
2022-10-12,Wednesday,39,0,6008
2022-10-13,Thursday,81,0,5927
2022-10-14,Friday,136,0,5791
2022-10-15,Saturday,151,0,5640
2022-10-16,Sunday,0,0,5640
2022-10-17,Monday,6,720,6354
2022-10-18,Tuesday,21,0,6333
2022-10-19,Wednesday,46,0,6287
2022-10-20,Thursday,165,0,6122
2022-10-21,Friday,113,0,6009
2022-10-22,Saturday,267,0,5742
2022-10-23,Sunday,0,0,5742
2022-10-24,Monday,5,720,6457
2022-10-25,Tuesday,17,0,6440
2022-10-26,Wednesday,20,0,6420
2022-10-27,Thursday,64,0,6356
2022-10-28,Friday,145,0,6211
2022-10-29,Saturday,182,0,6029
2022-10-30,Sunday,0,0,6029
2022-10-31,Monday,6,720,6743
2022-11-01,Tuesday,26,0,6717
2022-11-02,Wednesday,35,0,6682
2022-11-03,Thursday,108,0,6574
2022-11-04,Friday,138,0,6436
2022-11-05,Saturday,44,0,6392
2022-11-06,Sunday,0,0,6392
2022-11-07,Monday,6,720,7106
2022-11-08,Tuesday,22,0,7084
2022-11-09,Wednesday,37,0,7047
2022-11-10,Thursday,85,0,6962
2022-11-11,Friday,103,0,6859
2022-11-12,Saturday,204,0,6655
2022-11-13,Sunday,0,0,6655
2022-11-14,Monday,2,720,7373
2022-11-15,Tuesday,17,0,7356
2022-11-16,Wednesday,41,0,7315
2022-11-17,Thursday,157,0,7158
2022-11-18,Friday,139,0,7019
2022-11-19,Saturday,161,0,6858
2022-11-20,Sunday,0,0,6858
2022-11-21,Monday,5,720,7573
2022-11-22,Tuesday,12,0,7561
2022-11-23,Wednesday,23,0,7538
2022-11-24,Thursday,219,0,7319
2022-11-25,Friday,52,0,7267
2022-11-26,Saturday,255,0,7012
2022-11-27,Sunday,0,0,7012
2022-11-28,Monday,5,720,7727
2022-11-29,Tuesday,20,0,7707
2022-11-30,Wednesday,46,0,7661
2022-12-01,Thursday,252,0,7409
2022-12-02,Friday,123,0,7286
2022-12-03,Saturday,198,0,7088
2022-12-04,Sunday,0,0,7088
2022-12-05,Monday,4,720,7804
2022-12-06,Tuesday,28,0,7776
2022-12-07,Wednesday,37,0,7739
2022-12-08,Thursday,20,0,7719
2022-12-09,Friday,125,0,7594
2022-12-10,Saturday,368,0,7226
2022-12-11,Sunday,0,0,7226
2022-12-12,Monday,6,720,7940
2022-12-13,Tuesday,13,0,7927
2022-12-14,Wednesday,44,0,7883
2022-12-15,Thursday,149,0,7734
2022-12-16,Friday,234,0,7500
2022-12-17,Saturday,246,0,7254
2022-12-18,Sunday,0,0,7254
2022-12-19,Monday,6,720,7968
2022-12-20,Tuesday,20,0,7948
2022-12-21,Wednesday,43,0,7905
2022-12-22,Thursday,121,0,7784
2022-12-23,Friday,156,0,7628
2022-12-24,Saturday,241,0,7387
2022-12-25,Sunday,0,0,7387
2022-12-26,Monday,4,720,8103
2022-12-27,Tuesday,18,0,8085
2022-12-28,Wednesday,47,0,8038
2022-12-29,Thursday,163,0,7875
2022-12-30,Friday,139,0,7736
2022-12-31,Saturday,258,0,7478
2023-01-01,Sunday,0,0,7478
2023-01-02,Monday,6,720,8192
2023-01-03,Tuesday,25,0,8167
2023-01-04,Wednesday,30,0,8137
2023-01-05,Thursday,132,0,8005
2023-01-06,Friday,293,0,7712
2023-01-07,Saturday,264,0,7448
2023-01-08,Sunday,0,0,7448
2023-01-09,Monday,5,720,8163
2023-01-10,Tuesday,27,0,8136
2023-01-11,Wednesday,55,0,8081
2023-01-12,Thursday,121,0,7960
2023-01-13,Friday,188,0,7772
2023-01-14,Saturday,232,0,7540
2023-01-15,Sunday,0,0,7540
2023-01-16,Monday,5,720,8255
2023-01-17,Tuesday,25,0,8230
2023-01-18,Wednesday,27,0,8203
2023-01-19,Thursday,152,0,8051
2023-01-20,Friday,189,0,7862
2023-01-21,Saturday,217,0,7645
2023-01-22,Sunday,0,0,7645
2023-01-23,Monday,6,720,8359
2023-01-24,Tuesday,9,0,8350
2023-01-25,Wednesday,28,0,8322
2023-01-26,Thursday,128,0,8194
2023-01-27,Friday,140,0,8054
2023-01-28,Saturday,184,0,7870
2023-01-29,Sunday,0,0,7870
2023-01-30,Monday,5,720,8585
2023-01-31,Tuesday,21,0,8564
2023-02-01,Wednesday,50,0,8514
2023-02-02,Thursday,103,0,8411
2023-02-03,Friday,211,0,8200
2023-02-04,Saturday,247,0,7953
2023-02-05,Sunday,0,0,7953
2023-02-06,Monday,4,720,8669
2023-02-07,Tuesday,20,0,8649
2023-02-08,Wednesday,55,0,8594
2023-02-09,Thursday,92,0,8502
2023-02-10,Friday,186,0,8316
2023-02-11,Saturday,168,0,8148
2023-02-12,Sunday,0,0,8148
2023-02-13,Monday,5,720,8863
2023-02-14,Tuesday,18,0,8845
2023-02-15,Wednesday,62,0,8783
2023-02-16,Thursday,162,0,8621
2023-02-17,Friday,219,0,8402
2023-02-18,Saturday,149,0,8253
2023-02-19,Sunday,0,0,8253
2023-02-20,Monday,6,720,8967
2023-02-21,Tuesday,23,0,8944
2023-02-22,Wednesday,57,0,8887
2023-02-23,Thursday,159,0,8728
2023-02-24,Friday,226,0,8502
2023-02-25,Saturday,201,0,8301
2023-02-26,Sunday,0,0,8301
2023-02-27,Monday,3,720,9018
2023-02-28,Tuesday,17,0,9001
2023-03-01,Wednesday,25,0,8976
2023-03-02,Thursday,145,0,8831
2023-03-03,Friday,166,0,8665
2023-03-04,Saturday,113,0,8552
2023-03-05,Sunday,0,0,8552
2023-03-06,Monday,7,720,9265
2023-03-07,Tuesday,5,0,9260
2023-03-08,Wednesday,49,0,9211
2023-03-09,Thursday,159,0,9052
2023-03-10,Friday,211,0,8841
2023-03-11,Saturday,130,0,8711
2023-03-12,Sunday,0,0,8711
2023-03-13,Monday,8,720,9423
2023-03-14,Tuesday,23,0,9400
2023-03-15,Wednesday,41,0,9359
2023-03-16,Thursday,78,0,9281
2023-03-17,Friday,201,0,9080
2023-03-18,Saturday,225,0,8855
2023-03-19,Sunday,0,0,8855
2023-03-20,Monday,3,720,9572
2023-03-21,Tuesday,19,0,9553
2023-03-22,Wednesday,35,0,9518
2023-03-23,Thursday,249,0,9269
2023-03-24,Friday,243,0,9026
2023-03-25,Saturday,199,0,8827
2023-03-26,Sunday,0,0,8827
2023-03-27,Monday,5,720,9542
2023-03-28,Tuesday,14,0,9528
2023-03-29,Wednesday,50,0,9478
2023-03-30,Thursday,229,0,9249
2023-03-31,Friday,195,0,9054
2023-04-01,Saturday,167,0,8887
2023-04-02,Sunday,0,0,8887
2023-04-03,Monday,4,720,9603
2023-04-04,Tuesday,23,0,9580
2023-04-05,Wednesday,40,0,9540
