fecha,nombre_dia,ventas,compra,Inventario
2022-01-01,Saturday,295,0,425
2022-01-02,Sunday,0,0,425
2022-01-03,Monday,7,720,1138
2022-01-04,Tuesday,28,0,1110
2022-01-05,Wednesday,40,0,1070
2022-01-06,Thursday,110,0,960
2022-01-07,Friday,246,0,714
2022-01-08,Saturday,128,0,586
2022-01-09,Sunday,0,0,586
2022-01-10,Monday,4,720,1302
2022-01-11,Tuesday,11,0,1291
2022-01-12,Wednesday,50,0,1241
2022-01-13,Thursday,209,0,1032
2022-01-14,Friday,288,0,744
2022-01-15,Saturday,224,0,520
2022-01-16,Sunday,0,0,520
2022-01-17,Monday,6,720,1234
2022-01-18,Tuesday,32,0,1202
2022-01-19,Wednesday,44,0,1158
2022-01-20,Thursday,171,0,987
2022-01-21,Friday,146,0,841
2022-01-22,Saturday,143,0,698
2022-01-23,Sunday,0,0,698
2022-01-24,Monday,4,720,1414
2022-01-25,Tuesday,29,0,1385
2022-01-26,Wednesday,69,0,1316
2022-01-27,Thursday,207,0,1109
2022-01-28,Friday,195,0,914
2022-01-29,Saturday,151,0,763
2022-01-30,Sunday,0,0,763
2022-01-31,Monday,4,720,1479
2022-02-01,Tuesday,18,0,1461
2022-02-02,Wednesday,24,0,1437
2022-02-03,Thursday,178,0,1259
2022-02-04,Friday,239,0,1020
2022-02-05,Saturday,183,0,837
2022-02-06,Sunday,0,0,837
2022-02-07,Monday,4,720,1553
2022-02-08,Tuesday,29,0,1524
2022-02-09,Wednesday,37,0,1487
2022-02-10,Thursday,92,0,1395
2022-02-11,Friday,160,0,1235
2022-02-12,Saturday,226,0,1009
2022-02-13,Sunday,0,0,1009
2022-02-14,Monday,5,720,1724
2022-02-15,Tuesday,15,0,1709
2022-02-16,Wednesday,65,0,1644
2022-02-17,Thursday,59,0,1585
2022-02-18,Friday,252,0,1333
2022-02-19,Saturday,191,0,1142
2022-02-20,Sunday,0,0,1142
2022-02-21,Monday,6,720,1856
2022-02-22,Tuesday,28,0,1828
2022-02-23,Wednesday,25,0,1803
2022-02-24,Thursday,59,0,1744
2022-02-25,Friday,174,0,1570
2022-02-26,Saturday,202,0,1368
2022-02-27,Sunday,0,0,1368
2022-02-28,Monday,6,720,2082
2022-03-01,Tuesday,18,0,2064
2022-03-02,Wednesday,62,0,2002
2022-03-03,Thursday,157,0,1845
2022-03-04,Friday,190,0,1655
2022-03-05,Saturday,258,0,1397
2022-03-06,Sunday,0,0,1397
2022-03-07,Monday,4,720,2113
2022-03-08,Tuesday,17,0,2096
2022-03-09,Wednesday,28,0,2068
2022-03-10,Thursday,151,0,1917
2022-03-11,Friday,150,0,1767
2022-03-12,Saturday,211,0,1556
2022-03-13,Sunday,0,0,1556
2022-03-14,Monday,5,720,2271
2022-03-15,Tuesday,16,0,2255
2022-03-16,Wednesday,53,0,2202
2022-03-17,Thursday,147,0,2055
2022-03-18,Friday,249,0,1806
2022-03-19,Saturday,332,0,1474
2022-03-20,Sunday,0,0,1474
2022-03-21,Monday,5,720,2189
2022-03-22,Tuesday,21,0,2168
2022-03-23,Wednesday,42,0,2126
2022-03-24,Thursday,217,0,1909
2022-03-25,Friday,265,0,1644
2022-03-26,Saturday,180,0,1464
2022-03-27,Sunday,0,0,1464
2022-03-28,Monday,7,720,2177
2022-03-29,Tuesday,22,0,2155
2022-03-30,Wednesday,57,0,2098
2022-03-31,Thursday,151,0,1947
2022-04-01,Friday,229,0,1718
2022-04-02,Saturday,322,0,1396
2022-04-03,Sunday,0,0,1396
2022-04-04,Monday,4,720,2112
2022-04-05,Tuesday,21,0,2091
2022-04-06,Wednesday,41,0,2050
2022-04-07,Thursday,192,0,1858
2022-04-08,Friday,160,0,1698
2022-04-09,Saturday,196,0,1502
2022-04-10,Sunday,0,0,1502
2022-04-11,Monday,6,720,2216
2022-04-12,Tuesday,27,0,2189
2022-04-13,Wednesday,55,0,2134
2022-04-14,Thursday,60,0,2074
2022-04-15,Friday,232,0,1842
2022-04-16,Saturday,250,0,1592
2022-04-17,Sunday,0,0,1592
2022-04-18,Monday,4,720,2308
2022-04-19,Tuesday,22,0,2286
2022-04-20,Wednesday,40,0,2246
2022-04-21,Thursday,186,0,2060
2022-04-22,Friday,143,0,1917
2022-04-23,Saturday,143,0,1774
2022-04-24,Sunday,0,0,1774
2022-04-25,Monday,6,720,2488
2022-04-26,Tuesday,6,0,2482
2022-04-27,Wednesday,56,0,2426
2022-04-28,Thursday,166,0,2260
2022-04-29,Friday,56,0,2204
2022-04-30,Saturday,223,0,1981
2022-05-01,Sunday,0,0,1981
2022-05-02,Monday,3,720,2698
2022-05-03,Tuesday,19,0,2679
2022-05-04,Wednesday,39,0,2640
2022-05-05,Thursday,184,0,2456
2022-05-06,Friday,146,0,2310
2022-05-07,Saturday,180,0,2130
2022-05-08,Sunday,0,0,2130
2022-05-09,Monday,5,720,2845
2022-05-10,Tuesday,15,0,2830
2022-05-11,Wednesday,41,0,2789
2022-05-12,Thursday,221,0,2568
2022-05-13,Friday,316,0,2252
2022-05-14,Saturday,188,0,2064
2022-05-15,Sunday,0,0,2064
2022-05-16,Monday,5,720,2779
2022-05-17,Tuesday,20,0,2759
2022-05-18,Wednesday,73,0,2686
2022-05-19,Thursday,162,0,2524
2022-05-20,Friday,228,0,2296
2022-05-21,Saturday,84,0,2212
2022-05-22,Sunday,0,0,2212
2022-05-23,Monday,5,720,2927
2022-05-24,Tuesday,9,0,2918
2022-05-25,Wednesday,63,0,2855
2022-05-26,Thursday,61,0,2794
2022-05-27,Friday,113,0,2681
2022-05-28,Saturday,235,0,2446
2022-05-29,Sunday,0,0,2446
2022-05-30,Monday,6,720,3160
2022-05-31,Tuesday,11,0,3149
2022-06-01,Wednesday,29,0,3120
2022-06-02,Thursday,196,0,2924
2022-06-03,Friday,180,0,2744
2022-06-04,Saturday,190,0,2554
2022-06-05,Sunday,0,0,2554
2022-06-06,Monday,6,720,3268
2022-06-07,Tuesday,22,0,3246
2022-06-08,Wednesday,35,0,3211
2022-06-09,Thursday,109,0,3102
2022-06-10,Friday,223,0,2879
2022-06-11,Saturday,83,0,2796
2022-06-12,Sunday,0,0,2796
2022-06-13,Monday,4,720,3512
2022-06-14,Tuesday,23,0,3489
2022-06-15,Wednesday,25,0,3464
2022-06-16,Thursday,177,0,3287
2022-06-17,Friday,189,0,3098
2022-06-18,Saturday,162,0,2936
2022-06-19,Sunday,0,0,2936
2022-06-20,Monday,7,720,3649
2022-06-21,Tuesday,22,0,3627
2022-06-22,Wednesday,43,0,3584
2022-06-23,Thursday,151,0,3433
2022-06-24,Friday,261,0,3172
2022-06-25,Saturday,294,0,2878
2022-06-26,Sunday,0,0,2878
2022-06-27,Monday,5,720,3593
2022-06-28,Tuesday,27,0,3566
2022-06-29,Wednesday,30,0,3536
2022-06-30,Thursday,52,0,3484
2022-07-01,Friday,158,0,3326
2022-07-02,Saturday,139,0,3187
2022-07-03,Sunday,0,0,3187
2022-07-04,Monday,7,720,3900
2022-07-05,Tuesday,24,0,3876
2022-07-06,Wednesday,47,0,3829
2022-07-07,Thursday,118,0,3711
2022-07-08,Friday,167,0,3544
2022-07-09,Saturday,155,0,3389
2022-07-10,Sunday,0,0,3389
2022-07-11,Monday,7,720,4102
2022-07-12,Tuesday,17,0,4085
2022-07-13,Wednesday,16,0,4069
2022-07-14,Thursday,164,0,3905
2022-07-15,Friday,212,0,3693
2022-07-16,Saturday,199,0,3494
2022-07-17,Sunday,0,0,3494
2022-07-18,Monday,5,720,4209
2022-07-19,Tuesday,25,0,4184
2022-07-20,Wednesday,38,0,4146
2022-07-21,Thursday,20,0,4126
2022-07-22,Friday,198,0,3928
2022-07-23,Saturday,237,0,3691
2022-07-24,Sunday,0,0,3691
2022-07-25,Monday,8,720,4403
2022-07-26,Tuesday,18,0,4385
2022-07-27,Wednesday,49,0,4336
2022-07-28,Thursday,83,0,4253
2022-07-29,Friday,184,0,4069
2022-07-30,Saturday,164,0,3905
2022-07-31,Sunday,0,0,3905
2022-08-01,Monday,3,720,4622
2022-08-02,Tuesday,25,0,4597
2022-08-03,Wednesday,53,0,4544
2022-08-04,Thursday,59,0,4485
2022-08-05,Friday,186,0,4299
2022-08-06,Saturday,267,0,4032
2022-08-07,Sunday,0,0,4032
2022-08-08,Monday,4,720,4748
2022-08-09,Tuesday,16,0,4732
2022-08-10,Wednesday,52,0,4680
2022-08-11,Thursday,152,0,4528
2022-08-12,Friday,276,0,4252
2022-08-13,Saturday,288,0,3964
2022-08-14,Sunday,0,0,3964
2022-08-15,Monday,3,720,4681
2022-08-16,Tuesday,20,0,4661
2022-08-17,Wednesday,59,0,4602
2022-08-18,Thursday,214,0,4388
2022-08-19,Friday,162,0,4226
2022-08-20,Saturday,208,0,4018
2022-08-21,Sunday,0,0,4018
2022-08-22,Monday,6,720,4732
2022-08-23,Tuesday,18,0,4714
2022-08-24,Wednesday,39,0,4675
2022-08-25,Thursday,152,0,4523
2022-08-26,Friday,233,0,4290
2022-08-27,Saturday,168,0,4122
2022-08-28,Sunday,0,0,4122
2022-08-29,Monday,5,720,4837
2022-08-30,Tuesday,18,0,4819
2022-08-31,Wednesday,35,0,4784
2022-09-01,Thursday,168,0,4616
2022-09-02,Friday,178,0,4438
2022-09-03,Saturday,266,0,4172
2022-09-04,Sunday,0,0,4172
2022-09-05,Monday,2,720,4890
2022-09-06,Tuesday,25,0,4865
2022-09-07,Wednesday,37,0,4828
2022-09-08,Thursday,96,0,4732
2022-09-09,Friday,179,0,4553
2022-09-10,Saturday,168,0,4385
2022-09-11,Sunday,0,0,4385
2022-09-12,Monday,5,720,5100
2022-09-13,Tuesday,18,0,5082
2022-09-14,Wednesday,48,0,5034
2022-09-15,Thursday,114,0,4920
2022-09-16,Friday,256,0,4664
2022-09-17,Saturday,220,0,4444
2022-09-18,Sunday,0,0,4444
2022-09-19,Monday,8,720,5156
2022-09-20,Tuesday,9,0,5147
2022-09-21,Wednesday,37,0,5110
2022-09-22,Thursday,175,0,4935
2022-09-23,Friday,224,0,4711
2022-09-24,Saturday,228,0,4483
2022-09-25,Sunday,0,0,4483
2022-09-26,Monday,3,720,5200
2022-09-27,Tuesday,23,0,5177
2022-09-28,Wednesday,56,0,5121
2022-09-29,Thursday,87,0,5034
2022-09-30,Friday,128,0,4906
2022-10-01,Saturday,227,0,4679
2022-10-02,Sunday,0,0,4679
2022-10-03,Monday,7,720,5392
2022-10-04,Tuesday,15,0,5377
2022-10-05,Wednesday,60,0,5317
2022-10-06,Thursday,89,0,5228
2022-10-07,Friday,321,0,4907
2022-10-08,Saturday,190,0,4717
2022-10-09,Sunday,0,0,4717
2022-10-10,Monday,5,720,5432
2022-10-11,Tuesday,22,0,5410
2022-10-12,Wednesday,21,0,5389
2022-10-13,Thursday,122,0,5267
2022-10-14,Friday,257,0,5010
2022-10-15,Saturday,134,0,4876
2022-10-16,Sunday,0,0,4876
2022-10-17,Monday,4,720,5592
2022-10-18,Tuesday,21,0,5571
2022-10-19,Wednesday,46,0,5525
2022-10-20,Thursday,137,0,5388
2022-10-21,Friday,291,0,5097
2022-10-22,Saturday,262,0,4835
2022-10-23,Sunday,0,0,4835
2022-10-24,Monday,6,720,5549
2022-10-25,Tuesday,17,0,5532
2022-10-26,Wednesday,30,0,5502
2022-10-27,Thursday,191,0,5311
2022-10-28,Friday,241,0,5070
2022-10-29,Saturday,172,0,4898
2022-10-30,Sunday,0,0,4898
2022-10-31,Monday,5,720,5613
2022-11-01,Tuesday,20,0,5593
2022-11-02,Wednesday,35,0,5558
2022-11-03,Thursday,159,0,5399
2022-11-04,Friday,208,0,5191
2022-11-05,Saturday,145,0,5046
2022-11-06,Sunday,0,0,5046
2022-11-07,Monday,5,720,5761
2022-11-08,Tuesday,21,0,5740
2022-11-09,Wednesday,53,0,5687
2022-11-10,Thursday,179,0,5508
2022-11-11,Friday,194,0,5314
2022-11-12,Saturday,256,0,5058
2022-11-13,Sunday,0,0,5058
2022-11-14,Monday,4,720,5774
2022-11-15,Tuesday,23,0,5751
2022-11-16,Wednesday,37,0,5714
2022-11-17,Thursday,117,0,5597
2022-11-18,Friday,218,0,5379
2022-11-19,Saturday,279,0,5100
2022-11-20,Sunday,0,0,5100
2022-11-21,Monday,4,720,5816
2022-11-22,Tuesday,27,0,5789
2022-11-23,Wednesday,50,0,5739
2022-11-24,Thursday,187,0,5552
2022-11-25,Friday,346,0,5206
2022-11-26,Saturday,158,0,5048
2022-11-27,Sunday,0,0,5048
2022-11-28,Monday,3,720,5765
2022-11-29,Tuesday,27,0,5738
2022-11-30,Wednesday,39,0,5699
2022-12-01,Thursday,138,0,5561
2022-12-02,Friday,201,0,5360
2022-12-03,Saturday,218,0,5142
2022-12-04,Sunday,0,0,5142
2022-12-05,Monday,6,720,5856
2022-12-06,Tuesday,36,0,5820
2022-12-07,Wednesday,29,0,5791
2022-12-08,Thursday,142,0,5649
2022-12-09,Friday,259,0,5390
2022-12-10,Saturday,200,0,5190
2022-12-11,Sunday,0,0,5190
2022-12-12,Monday,6,720,5904
2022-12-13,Tuesday,19,0,5885
2022-12-14,Wednesday,59,0,5826
2022-12-15,Thursday,191,0,5635
2022-12-16,Friday,147,0,5488
2022-12-17,Saturday,137,0,5351
2022-12-18,Sunday,0,0,5351
2022-12-19,Monday,3,720,6068
2022-12-20,Tuesday,15,0,6053
2022-12-21,Wednesday,43,0,6010
2022-12-22,Thursday,185,0,5825
2022-12-23,Friday,163,0,5662
2022-12-24,Saturday,154,0,5508
2022-12-25,Sunday,0,0,5508
2022-12-26,Monday,5,720,6223
2022-12-27,Tuesday,25,0,6198
2022-12-28,Wednesday,37,0,6161
2022-12-29,Thursday,202,0,5959
2022-12-30,Friday,124,0,5835
2022-12-31,Saturday,202,0,5633
2023-01-01,Sunday,0,0,5633
2023-01-02,Monday,4,720,6349
2023-01-03,Tuesday,21,0,6328
2023-01-04,Wednesday,52,0,6276
2023-01-05,Thursday,230,0,6046
2023-01-06,Friday,106,0,5940
2023-01-07,Saturday,185,0,5755
2023-01-08,Sunday,0,0,5755
2023-01-09,Monday,4,720,6471
2023-01-10,Tuesday,29,0,6442
2023-01-11,Wednesday,44,0,6398
2023-01-12,Thursday,144,0,6254
2023-01-13,Friday,257,0,5997
2023-01-14,Saturday,161,0,5836
2023-01-15,Sunday,0,0,5836
2023-01-16,Monday,5,720,6551
2023-01-17,Tuesday,20,0,6531
2023-01-18,Wednesday,49,0,6482
2023-01-19,Thursday,141,0,6341
2023-01-20,Friday,165,0,6176
2023-01-21,Saturday,265,0,5911
2023-01-22,Sunday,0,0,5911
2023-01-23,Monday,3,720,6628
2023-01-24,Tuesday,17,0,6611
2023-01-25,Wednesday,49,0,6562
2023-01-26,Thursday,191,0,6371
2023-01-27,Friday,336,0,6035
2023-01-28,Saturday,190,0,5845
2023-01-29,Sunday,0,0,5845
2023-01-30,Monday,5,720,6560
2023-01-31,Tuesday,25,0,6535
2023-02-01,Wednesday,47,0,6488
2023-02-02,Thursday,159,0,6329
2023-02-03,Friday,140,0,6189
2023-02-04,Saturday,278,0,5911
2023-02-05,Sunday,0,0,5911
2023-02-06,Monday,3,720,6628
2023-02-07,Tuesday,22,0,6606
2023-02-08,Wednesday,64,0,6542
2023-02-09,Thursday,152,0,6390
2023-02-10,Friday,197,0,6193
2023-02-11,Saturday,227,0,5966
2023-02-12,Sunday,0,0,5966
2023-02-13,Monday,5,720,6681
2023-02-14,Tuesday,21,0,6660
2023-02-15,Wednesday,49,0,6611
2023-02-16,Thursday,204,0,6407
2023-02-17,Friday,183,0,6224
2023-02-18,Saturday,186,0,6038
2023-02-19,Sunday,0,0,6038
2023-02-20,Monday,5,720,6753
2023-02-21,Tuesday,22,0,6731
2023-02-22,Wednesday,36,0,6695
2023-02-23,Thursday,279,0,6416
2023-02-24,Friday,259,0,6157
2023-02-25,Saturday,133,0,6024
2023-02-26,Sunday,0,0,6024
2023-02-27,Monday,6,720,6738
2023-02-28,Tuesday,17,0,6721
2023-03-01,Wednesday,53,0,6668
2023-03-02,Thursday,142,0,6526
2023-03-03,Friday,171,0,6355
2023-03-04,Saturday,250,0,6105
2023-03-05,Sunday,0,0,6105
2023-03-06,Monday,6,720,6819
2023-03-07,Tuesday,25,0,6794
2023-03-08,Wednesday,48,0,6746
2023-03-09,Thursday,153,0,6593
2023-03-10,Friday,188,0,6405
2023-03-11,Saturday,137,0,6268
2023-03-12,Sunday,0,0,6268
2023-03-13,Monday,7,720,6981
2023-03-14,Tuesday,9,0,6972
2023-03-15,Wednesday,31,0,6941
2023-03-16,Thursday,119,0,6822
2023-03-17,Friday,212,0,6610
2023-03-18,Saturday,212,0,6398
2023-03-19,Sunday,0,0,6398
2023-03-20,Monday,5,720,7113
2023-03-21,Tuesday,21,0,7092
2023-03-22,Wednesday,23,0,7069
2023-03-23,Thursday,175,0,6894
2023-03-24,Friday,239,0,6655
2023-03-25,Saturday,151,0,6504
2023-03-26,Sunday,0,0,6504
2023-03-27,Monday,4,720,7220
2023-03-28,Tuesday,27,0,7193
2023-03-29,Wednesday,44,0,7149
2023-03-30,Thursday,91,0,7058
2023-03-31,Friday,156,0,6902
2023-04-01,Saturday,217,0,6685
2023-04-02,Sunday,0,0,6685
2023-04-03,Monday,4,720,7401
2023-04-04,Tuesday,23,0,7378
2023-04-05,Wednesday,46,0,7332
