fecha,nombre_dia,ventas,compra,Inventario
2022-01-01,Saturday,290,0,430
2022-01-02,Sunday,0,0,430
2022-01-03,Monday,6,720,1144
2022-01-04,Tuesday,18,0,1126
2022-01-05,Wednesday,46,0,1080
2022-01-06,Thursday,83,0,997
2022-01-07,Friday,204,0,793
2022-01-08,Saturday,182,0,611
2022-01-09,Sunday,0,0,611
2022-01-10,Monday,7,720,1324
2022-01-11,Tuesday,20,0,1304
2022-01-12,Wednesday,51,0,1253
2022-01-13,Thursday,174,0,1079
2022-01-14,Friday,260,0,819
2022-01-15,Saturday,290,0,529
2022-01-16,Sunday,0,0,529
2022-01-17,Monday,6,720,1243
2022-01-18,Tuesday,21,0,1222
2022-01-19,Wednesday,32,0,1190
2022-01-20,Thursday,227,0,963
2022-01-21,Friday,185,0,778
2022-01-22,Saturday,193,0,585
2022-01-23,Sunday,0,0,585
2022-01-24,Monday,4,720,1301
2022-01-25,Tuesday,21,0,1280
2022-01-26,Wednesday,45,0,1235
2022-01-27,Thursday,109,0,1126
2022-01-28,Friday,138,0,988
2022-01-29,Saturday,146,0,842
2022-01-30,Sunday,0,0,842
2022-01-31,Monday,5,720,1557
2022-02-01,Tuesday,16,0,1541
2022-02-02,Wednesday,12,0,1529
2022-02-03,Thursday,128,0,1401
2022-02-04,Friday,190,0,1211
2022-02-05,Saturday,287,0,924
2022-02-06,Sunday,0,0,924
2022-02-07,Monday,3,720,1641
2022-02-08,Tuesday,12,0,1629
2022-02-09,Wednesday,57,0,1572
2022-02-10,Thursday,152,0,1420
2022-02-11,Friday,118,0,1302
2022-02-12,Saturday,239,0,1063
2022-02-13,Sunday,0,0,1063
2022-02-14,Monday,3,720,1780
2022-02-15,Tuesday,28,0,1752
2022-02-16,Wednesday,37,0,1715
2022-02-17,Thursday,142,0,1573
2022-02-18,Friday,136,0,1437
2022-02-19,Saturday,194,0,1243
2022-02-20,Sunday,0,0,1243
2022-02-21,Monday,4,720,1959
2022-02-22,Tuesday,26,0,1933
2022-02-23,Wednesday,8,0,1925
2022-02-24,Thursday,188,0,1737
2022-02-25,Friday,243,0,1494
2022-02-26,Saturday,226,0,1268
2022-02-27,Sunday,0,0,1268
2022-02-28,Monday,5,720,1983
2022-03-01,Tuesday,22,0,1961
2022-03-02,Wednesday,21,0,1940
2022-03-03,Thursday,208,0,1732
2022-03-04,Friday,183,0,1549
2022-03-05,Saturday,194,0,1355
2022-03-06,Sunday,0,0,1355
2022-03-07,Monday,8,720,2067
2022-03-08,Tuesday,24,0,2043
2022-03-09,Wednesday,31,0,2012
2022-03-10,Thursday,118,0,1894
2022-03-11,Friday,132,0,1762
2022-03-12,Saturday,253,0,1509
2022-03-13,Sunday,0,0,1509
2022-03-14,Monday,4,720,2225
2022-03-15,Tuesday,15,0,2210
2022-03-16,Wednesday,51,0,2159
2022-03-17,Thursday,187,0,1972
2022-03-18,Friday,178,0,1794
2022-03-19,Saturday,244,0,1550
2022-03-20,Sunday,0,0,1550
2022-03-21,Monday,4,720,2266
2022-03-22,Tuesday,13,0,2253
2022-03-23,Wednesday,44,0,2209
2022-03-24,Thursday,10,0,2199
2022-03-25,Friday,138,0,2061
2022-03-26,Saturday,250,0,1811
2022-03-27,Sunday,0,0,1811
2022-03-28,Monday,6,720,2525
2022-03-29,Tuesday,20,0,2505
2022-03-30,Wednesday,31,0,2474
2022-03-31,Thursday,288,0,2186
2022-04-01,Friday,260,0,1926
2022-04-02,Saturday,226,0,1700
2022-04-03,Sunday,0,0,1700
2022-04-04,Monday,6,720,2414
2022-04-05,Tuesday,8,0,2406
2022-04-06,Wednesday,60,0,2346
2022-04-07,Thursday,153,0,2193
2022-04-08,Friday,189,0,2004
2022-04-09,Saturday,146,0,1858
2022-04-10,Sunday,0,0,1858
2022-04-11,Monday,5,720,2573
2022-04-12,Tuesday,25,0,2548
2022-04-13,Wednesday,53,0,2495
2022-04-14,Thursday,92,0,2403
2022-04-15,Friday,294,0,2109
2022-04-16,Saturday,236,0,1873
2022-04-17,Sunday,0,0,1873
2022-04-18,Monday,6,720,2587
2022-04-19,Tuesday,25,0,2562
2022-04-20,Wednesday,31,0,2531
2022-04-21,Thursday,193,0,2338
2022-04-22,Friday,260,0,2078
2022-04-23,Saturday,198,0,1880
2022-04-24,Sunday,0,0,1880
2022-04-25,Monday,6,720,2594
2022-04-26,Tuesday,12,0,2582
2022-04-27,Wednesday,46,0,2536
2022-04-28,Thursday,171,0,2365
2022-04-29,Friday,80,0,2285
2022-04-30,Saturday,212,0,2073
2022-05-01,Sunday,0,0,2073
2022-05-02,Monday,6,720,2787
2022-05-03,Tuesday,26,0,2761
2022-05-04,Wednesday,25,0,2736
2022-05-05,Thursday,137,0,2599
2022-05-06,Friday,216,0,2383
2022-05-07,Saturday,159,0,2224
2022-05-08,Sunday,0,0,2224
2022-05-09,Monday,7,720,2937
2022-05-10,Tuesday,19,0,2918
2022-05-11,Wednesday,50,0,2868
2022-05-12,Thursday,115,0,2753
2022-05-13,Friday,195,0,2558
2022-05-14,Saturday,84,0,2474
2022-05-15,Sunday,0,0,2474
2022-05-16,Monday,5,720,3189
2022-05-17,Tuesday,26,0,3163
2022-05-18,Wednesday,45,0,3118
2022-05-19,Thursday,194,0,2924
2022-05-20,Friday,156,0,2768
2022-05-21,Saturday,193,0,2575
2022-05-22,Sunday,0,0,2575
2022-05-23,Monday,5,720,3290
2022-05-24,Tuesday,14,0,3276
2022-05-25,Wednesday,47,0,3229
2022-05-26,Thursday,156,0,3073
2022-05-27,Friday,248,0,2825
2022-05-28,Saturday,231,0,2594
2022-05-29,Sunday,0,0,2594
2022-05-30,Monday,5,720,3309
2022-05-31,Tuesday,27,0,3282
2022-06-01,Wednesday,57,0,3225
2022-06-02,Thursday,53,0,3172
2022-06-03,Friday,294,0,2878
2022-06-04,Saturday,38,0,2840
2022-06-05,Sunday,0,0,2840
2022-06-06,Monday,5,720,3555
2022-06-07,Tuesday,22,0,3533
2022-06-08,Wednesday,43,0,3490
2022-06-09,Thursday,169,0,3321
2022-06-10,Friday,246,0,3075
2022-06-11,Saturday,144,0,2931
2022-06-12,Sunday,0,0,2931
2022-06-13,Monday,7,720,3644
2022-06-14,Tuesday,16,0,3628
2022-06-15,Wednesday,59,0,3569
2022-06-16,Thursday,69,0,3500
2022-06-17,Friday,276,0,3224
2022-06-18,Saturday,205,0,3019
2022-06-19,Sunday,0,0,3019
2022-06-20,Monday,5,720,3734
2022-06-21,Tuesday,15,0,3719
2022-06-22,Wednesday,30,0,3689
2022-06-23,Thursday,154,0,3535
2022-06-24,Friday,196,0,3339
2022-06-25,Saturday,173,0,3166
2022-06-26,Sunday,0,0,3166
2022-06-27,Monday,4,720,3882
2022-06-28,Tuesday,10,0,3872
2022-06-29,Wednesday,44,0,3828
2022-06-30,Thursday,100,0,3728
2022-07-01,Friday,206,0,3522
2022-07-02,Saturday,162,0,3360
2022-07-03,Sunday,0,0,3360
2022-07-04,Monday,8,720,4072
2022-07-05,Tuesday,20,0,4052
2022-07-06,Wednesday,32,0,4020
2022-07-07,Thursday,195,0,3825
2022-07-08,Friday,319,0,3506
2022-07-09,Saturday,187,0,3319
2022-07-10,Sunday,0,0,3319
2022-07-11,Monday,4,720,4035
2022-07-12,Tuesday,19,0,4016
2022-07-13,Wednesday,57,0,3959
2022-07-14,Thursday,71,0,3888
2022-07-15,Friday,322,0,3566
2022-07-16,Saturday,101,0,3465
2022-07-17,Sunday,0,0,3465
2022-07-18,Monday,5,720,4180
2022-07-19,Tuesday,28,0,4152
2022-07-20,Wednesday,39,0,4113
2022-07-21,Thursday,150,0,3963
2022-07-22,Friday,321,0,3642
2022-07-23,Saturday,221,0,3421
2022-07-24,Sunday,0,0,3421
2022-07-25,Monday,4,720,4137
2022-07-26,Tuesday,27,0,4110
2022-07-27,Wednesday,58,0,4052
2022-07-28,Thursday,161,0,3891
2022-07-29,Friday,254,0,3637
2022-07-30,Saturday,247,0,3390
2022-07-31,Sunday,0,0,3390
2022-08-01,Monday,4,720,4106
2022-08-02,Tuesday,18,0,4088
2022-08-03,Wednesday,19,0,4069
2022-08-04,Thursday,183,0,3886
2022-08-05,Friday,191,0,3695
2022-08-06,Saturday,166,0,3529
2022-08-07,Sunday,0,0,3529
2022-08-08,Monday,2,720,4247
2022-08-09,Tuesday,19,0,4228
2022-08-10,Wednesday,63,0,4165
2022-08-11,Thursday,171,0,3994
2022-08-12,Friday,281,0,3713
2022-08-13,Saturday,154,0,3559
2022-08-14,Sunday,0,0,3559
2022-08-15,Monday,6,720,4273
2022-08-16,Tuesday,26,0,4247
2022-08-17,Wednesday,25,0,4222
2022-08-18,Thursday,149,0,4073
2022-08-19,Friday,237,0,3836
2022-08-20,Saturday,259,0,3577
2022-08-21,Sunday,0,0,3577
2022-08-22,Monday,5,720,4292
2022-08-23,Tuesday,21,0,4271
2022-08-24,Wednesday,38,0,4233
2022-08-25,Thursday,182,0,4051
2022-08-26,Friday,96,0,3955
2022-08-27,Saturday,250,0,3705
2022-08-28,Sunday,0,0,3705
2022-08-29,Monday,5,720,4420
2022-08-30,Tuesday,17,0,4403
2022-08-31,Wednesday,56,0,4347
2022-09-01,Thursday,168,0,4179
2022-09-02,Friday,129,0,4050
2022-09-03,Saturday,162,0,3888
2022-09-04,Sunday,0,0,3888
2022-09-05,Monday,5,720,4603
2022-09-06,Tuesday,22,0,4581
2022-09-07,Wednesday,45,0,4536
2022-09-08,Thursday,128,0,4408
2022-09-09,Friday,124,0,4284
2022-09-10,Saturday,153,0,4131
2022-09-11,Sunday,0,0,4131
2022-09-12,Monday,5,720,4846
2022-09-13,Tuesday,8,0,4838
2022-09-14,Wednesday,38,0,4800
2022-09-15,Thursday,172,0,4628
2022-09-16,Friday,258,0,4370
2022-09-17,Saturday,260,0,4110
2022-09-18,Sunday,0,0,4110
2022-09-19,Monday,6,720,4824
2022-09-20,Tuesday,17,0,4807
2022-09-21,Wednesday,41,0,4766
2022-09-22,Thursday,58,0,4708
2022-09-23,Friday,187,0,4521
2022-09-24,Saturday,209,0,4312
2022-09-25,Sunday,0,0,4312
2022-09-26,Monday,0,720,5032
2022-09-27,Tuesday,14,0,5018
2022-09-28,Wednesday,68,0,4950
2022-09-29,Thursday,79,0,4871
2022-09-30,Friday,187,0,4684
2022-10-01,Saturday,289,0,4395
2022-10-02,Sunday,0,0,4395
2022-10-03,Monday,5,720,5110
2022-10-04,Tuesday,13,0,5097
2022-10-05,Wednesday,27,0,5070
2022-10-06,Thursday,111,0,4959
2022-10-07,Friday,73,0,4886
2022-10-08,Saturday,169,0,4717
2022-10-09,Sunday,0,0,4717
2022-10-10,Monday,4,720,5433
2022-10-11,Tuesday,25,0,5408
2022-10-12,Wednesday,50,0,5358
2022-10-13,Thursday,179,0,5179
2022-10-14,Friday,194,0,4985
2022-10-15,Saturday,225,0,4760
2022-10-16,Sunday,0,0,4760
2022-10-17,Monday,4,720,5476
2022-10-18,Tuesday,17,0,5459
2022-10-19,Wednesday,47,0,5412
2022-10-20,Thursday,169,0,5243
2022-10-21,Friday,145,0,5098
2022-10-22,Saturday,193,0,4905
2022-10-23,Sunday,0,0,4905
2022-10-24,Monday,4,720,5621
2022-10-25,Tuesday,24,0,5597
2022-10-26,Wednesday,42,0,5555
2022-10-27,Thursday,148,0,5407
2022-10-28,Friday,200,0,5207
2022-10-29,Saturday,299,0,4908
2022-10-30,Sunday,0,0,4908
2022-10-31,Monday,6,720,5622
2022-11-01,Tuesday,20,0,5602
2022-11-02,Wednesday,65,0,5537
2022-11-03,Thursday,143,0,5394
2022-11-04,Friday,197,0,5197
2022-11-05,Saturday,139,0,5058
2022-11-06,Sunday,0,0,5058
2022-11-07,Monday,7,720,5771
2022-11-08,Tuesday,20,0,5751
2022-11-09,Wednesday,42,0,5709
2022-11-10,Thursday,87,0,5622
2022-11-11,Friday,272,0,5350
2022-11-12,Saturday,299,0,5051
2022-11-13,Sunday,0,0,5051
2022-11-14,Monday,5,720,5766
2022-11-15,Tuesday,16,0,5750
2022-11-16,Wednesday,44,0,5706
2022-11-17,Thursday,118,0,5588
2022-11-18,Friday,181,0,5407
2022-11-19,Saturday,156,0,5251
2022-11-20,Sunday,0,0,5251
2022-11-21,Monday,8,720,5963
2022-11-22,Tuesday,23,0,5940
2022-11-23,Wednesday,33,0,5907
2022-11-24,Thursday,228,0,5679
2022-11-25,Friday,152,0,5527
2022-11-26,Saturday,303,0,5224
2022-11-27,Sunday,0,0,5224
2022-11-28,Monday,4,720,5940
2022-11-29,Tuesday,19,0,5921
2022-11-30,Wednesday,58,0,5863
2022-12-01,Thursday,129,0,5734
2022-12-02,Friday,167,0,5567
2022-12-03,Saturday,114,0,5453
2022-12-04,Sunday,0,0,5453
2022-12-05,Monday,5,720,6168
2022-12-06,Tuesday,22,0,6146
2022-12-07,Wednesday,23,0,6123
2022-12-08,Thursday,109,0,6014
2022-12-09,Friday,183,0,5831
2022-12-10,Saturday,235,0,5596
2022-12-11,Sunday,0,0,5596
2022-12-12,Monday,7,720,6309
2022-12-13,Tuesday,4,0,6305
2022-12-14,Wednesday,35,0,6270
2022-12-15,Thursday,158,0,6112
2022-12-16,Friday,217,0,5895
2022-12-17,Saturday,234,0,5661
2022-12-18,Sunday,0,0,5661
2022-12-19,Monday,4,720,6377
2022-12-20,Tuesday,24,0,6353
2022-12-21,Wednesday,61,0,6292
2022-12-22,Thursday,186,0,6106
2022-12-23,Friday,162,0,5944
2022-12-24,Saturday,227,0,5717
2022-12-25,Sunday,0,0,5717
2022-12-26,Monday,6,720,6431
2022-12-27,Tuesday,18,0,6413
2022-12-28,Wednesday,29,0,6384
2022-12-29,Thursday,151,0,6233
2022-12-30,Friday,265,0,5968
2022-12-31,Saturday,204,0,5764
2023-01-01,Sunday,0,0,5764
2023-01-02,Monday,5,720,6479
2023-01-03,Tuesday,12,0,6467
2023-01-04,Wednesday,41,0,6426
2023-01-05,Thursday,198,0,6228
2023-01-06,Friday,243,0,5985
2023-01-07,Saturday,245,0,5740
2023-01-08,Sunday,0,0,5740
2023-01-09,Monday,3,720,6457
2023-01-10,Tuesday,9,0,6448
2023-01-11,Wednesday,50,0,6398
2023-01-12,Thursday,134,0,6264
2023-01-13,Friday,152,0,6112
2023-01-14,Saturday,218,0,5894
2023-01-15,Sunday,0,0,5894
2023-01-16,Monday,3,720,6611
2023-01-17,Tuesday,22,0,6589
2023-01-18,Wednesday,23,0,6566
2023-01-19,Thursday,190,0,6376
2023-01-20,Friday,178,0,6198
2023-01-21,Saturday,192,0,6006
2023-01-22,Sunday,0,0,6006
2023-01-23,Monday,8,720,6718
2023-01-24,Tuesday,26,0,6692
2023-01-25,Wednesday,40,0,6652
2023-01-26,Thursday,170,0,6482
2023-01-27,Friday,339,0,6143
2023-01-28,Saturday,253,0,5890
2023-01-29,Sunday,0,0,5890
2023-01-30,Monday,5,720,6605
2023-01-31,Tuesday,22,0,6583
2023-02-01,Wednesday,26,0,6557
2023-02-02,Thursday,175,0,6382
2023-02-03,Friday,226,0,6156
2023-02-04,Saturday,259,0,5897
2023-02-05,Sunday,0,0,5897
2023-02-06,Monday,4,720,6613
2023-02-07,Tuesday,16,0,6597
2023-02-08,Wednesday,71,0,6526
2023-02-09,Thursday,208,0,6318
2023-02-10,Friday,213,0,6105
2023-02-11,Saturday,165,0,5940
2023-02-12,Sunday,0,0,5940
2023-02-13,Monday,2,720,6658
2023-02-14,Tuesday,21,0,6637
2023-02-15,Wednesday,41,0,6596
2023-02-16,Thursday,166,0,6430
2023-02-17,Friday,203,0,6227
2023-02-18,Saturday,253,0,5974
2023-02-19,Sunday,0,0,5974
2023-02-20,Monday,7,720,6687
2023-02-21,Tuesday,32,0,6655
2023-02-22,Wednesday,40,0,6615
2023-02-23,Thursday,126,0,6489
2023-02-24,Friday,186,0,6303
2023-02-25,Saturday,149,0,6154
2023-02-26,Sunday,0,0,6154
2023-02-27,Monday,4,720,6870
2023-02-28,Tuesday,31,0,6839
2023-03-01,Wednesday,40,0,6799
2023-03-02,Thursday,143,0,6656
2023-03-03,Friday,305,0,6351
2023-03-04,Saturday,112,0,6239
2023-03-05,Sunday,0,0,6239
2023-03-06,Monday,4,720,6955
2023-03-07,Tuesday,18,0,6937
2023-03-08,Wednesday,37,0,6900
2023-03-09,Thursday,123,0,6777
2023-03-10,Friday,92,0,6685
2023-03-11,Saturday,165,0,6520
2023-03-12,Sunday,0,0,6520
2023-03-13,Monday,3,720,7237
2023-03-14,Tuesday,24,0,7213
2023-03-15,Wednesday,28,0,7185
2023-03-16,Thursday,165,0,7020
2023-03-17,Friday,221,0,6799
2023-03-18,Saturday,265,0,6534
2023-03-19,Sunday,0,0,6534
2023-03-20,Monday,4,720,7250
2023-03-21,Tuesday,21,0,7229
2023-03-22,Wednesday,28,0,7201
2023-03-23,Thursday,117,0,7084
2023-03-24,Friday,308,0,6776
2023-03-25,Saturday,278,0,6498
2023-03-26,Sunday,0,0,6498
2023-03-27,Monday,5,720,7213
2023-03-28,Tuesday,19,0,7194
2023-03-29,Wednesday,30,0,7164
2023-03-30,Thursday,132,0,7032
2023-03-31,Friday,142,0,6890
2023-04-01,Saturday,109,0,6781
2023-04-02,Sunday,0,0,6781
2023-04-03,Monday,3,720,7498
2023-04-04,Tuesday,26,0,7472
2023-04-05,Wednesday,29,0,7443
