fecha,nombre_dia,ventas,compra,Inventario
2022-01-01,Saturday,236,0,484
2022-01-02,Sunday,0,0,484
2022-01-03,Monday,6,720,1198
2022-01-04,Tuesday,14,0,1184
2022-01-05,Wednesday,29,0,1155
2022-01-06,Thursday,136,0,1019
2022-01-07,Friday,88,0,931
2022-01-08,Saturday,312,0,619
2022-01-09,Sunday,0,0,619
2022-01-10,Monday,5,720,1334
2022-01-11,Tuesday,22,0,1312
2022-01-12,Wednesday,33,0,1279
2022-01-13,Thursday,92,0,1187
2022-01-14,Friday,121,0,1066
2022-01-15,Saturday,263,0,803
2022-01-16,Sunday,0,0,803
2022-01-17,Monday,4,720,1519
2022-01-18,Tuesday,28,0,1491
2022-01-19,Wednesday,38,0,1453
2022-01-20,Thursday,193,0,1260
2022-01-21,Friday,250,0,1010
2022-01-22,Saturday,161,0,849
2022-01-23,Sunday,0,0,849
2022-01-24,Monday,4,720,1565
2022-01-25,Tuesday,21,0,1544
2022-01-26,Wednesday,45,0,1499
2022-01-27,Thursday,143,0,1356
2022-01-28,Friday,168,0,1188
2022-01-29,Saturday,234,0,954
2022-01-30,Sunday,0,0,954
2022-01-31,Monday,2,720,1672
2022-02-01,Tuesday,15,0,1657
2022-02-02,Wednesday,27,0,1630
2022-02-03,Thursday,154,0,1476
2022-02-04,Friday,140,0,1336
2022-02-05,Saturday,165,0,1171
2022-02-06,Sunday,0,0,1171
2022-02-07,Monday,3,720,1888
2022-02-08,Tuesday,11,0,1877
2022-02-09,Wednesday,41,0,1836
2022-02-10,Thursday,98,0,1738
2022-02-11,Friday,138,0,1600
2022-02-12,Saturday,227,0,1373
2022-02-13,Sunday,0,0,1373
2022-02-14,Monday,5,720,2088
2022-02-15,Tuesday,20,0,2068
2022-02-16,Wednesday,78,0,1990
2022-02-17,Thursday,48,0,1942
2022-02-18,Friday,176,0,1766
2022-02-19,Saturday,221,0,1545
2022-02-20,Sunday,0,0,1545
2022-02-21,Monday,4,720,2261
2022-02-22,Tuesday,13,0,2248
2022-02-23,Wednesday,35,0,2213
2022-02-24,Thursday,132,0,2081
2022-02-25,Friday,119,0,1962
2022-02-26,Saturday,155,0,1807
2022-02-27,Sunday,0,0,1807
2022-02-28,Monday,7,720,2520
2022-03-01,Tuesday,20,0,2500
2022-03-02,Wednesday,40,0,2460
2022-03-03,Thursday,129,0,2331
2022-03-04,Friday,241,0,2090
2022-03-05,Saturday,117,0,1973
2022-03-06,Sunday,0,0,1973
2022-03-07,Monday,4,720,2689
2022-03-08,Tuesday,24,0,2665
2022-03-09,Wednesday,26,0,2639
2022-03-10,Thursday,46,0,2593
2022-03-11,Friday,166,0,2427
2022-03-12,Saturday,200,0,2227
2022-03-13,Sunday,0,0,2227
2022-03-14,Monday,7,720,2940
2022-03-15,Tuesday,15,0,2925
2022-03-16,Wednesday,32,0,2893
2022-03-17,Thursday,165,0,2728
2022-03-18,Friday,243,0,2485
2022-03-19,Saturday,158,0,2327
2022-03-20,Sunday,0,0,2327
2022-03-21,Monday,5,720,3042
2022-03-22,Tuesday,27,0,3015
2022-03-23,Wednesday,27,0,2988
2022-03-24,Thursday,161,0,2827
2022-03-25,Friday,159,0,2668
2022-03-26,Saturday,153,0,2515
2022-03-27,Sunday,0,0,2515
2022-03-28,Monday,5,720,3230
2022-03-29,Tuesday,18,0,3212
2022-03-30,Wednesday,52,0,3160
2022-03-31,Thursday,145,0,3015
2022-04-01,Friday,237,0,2778
2022-04-02,Saturday,192,0,2586
2022-04-03,Sunday,0,0,2586
2022-04-04,Monday,3,720,3303
2022-04-05,Tuesday,29,0,3274
2022-04-06,Wednesday,60,0,3214
2022-04-07,Thursday,85,0,3129
2022-04-08,Friday,178,0,2951
2022-04-09,Saturday,264,0,2687
2022-04-10,Sunday,0,0,2687
2022-04-11,Monday,5,720,3402
2022-04-12,Tuesday,38,0,3364
2022-04-13,Wednesday,39,0,3325
2022-04-14,Thursday,199,0,3126
2022-04-15,Friday,312,0,2814
2022-04-16,Saturday,224,0,2590
2022-04-17,Sunday,0,0,2590
2022-04-18,Monday,4,720,3306
2022-04-19,Tuesday,17,0,3289
2022-04-20,Wednesday,62,0,3227
2022-04-21,Thursday,170,0,3057
2022-04-22,Friday,145,0,2912
2022-04-23,Saturday,165,0,2747
2022-04-24,Sunday,0,0,2747
2022-04-25,Monday,2,720,3465
2022-04-26,Tuesday,13,0,3452
2022-04-27,Wednesday,42,0,3410
2022-04-28,Thursday,159,0,3251
2022-04-29,Friday,226,0,3025
2022-04-30,Saturday,197,0,2828
2022-05-01,Sunday,0,0,2828
2022-05-02,Monday,6,720,3542
2022-05-03,Tuesday,12,0,3530
2022-05-04,Wednesday,32,0,3498
2022-05-05,Thursday,217,0,3281
2022-05-06,Friday,149,0,3132
2022-05-07,Saturday,204,0,2928
2022-05-08,Sunday,0,0,2928
2022-05-09,Monday,4,720,3644
2022-05-10,Tuesday,21,0,3623
2022-05-11,Wednesday,52,0,3571
2022-05-12,Thursday,107,0,3464
2022-05-13,Friday,206,0,3258
2022-05-14,Saturday,283,0,2975
2022-05-15,Sunday,0,0,2975
2022-05-16,Monday,4,720,3691
2022-05-17,Tuesday,23,0,3668
2022-05-18,Wednesday,22,0,3646
2022-05-19,Thursday,138,0,3508
2022-05-20,Friday,198,0,3310
2022-05-21,Saturday,226,0,3084
2022-05-22,Sunday,0,0,3084
2022-05-23,Monday,6,720,3798
2022-05-24,Tuesday,20,0,3778
2022-05-25,Wednesday,34,0,3744
2022-05-26,Thursday,260,0,3484
2022-05-27,Friday,208,0,3276
2022-05-28,Saturday,254,0,3022
2022-05-29,Sunday,0,0,3022
2022-05-30,Monday,5,720,3737
2022-05-31,Tuesday,17,0,3720
2022-06-01,Wednesday,36,0,3684
2022-06-02,Thursday,71,0,3613
2022-06-03,Friday,197,0,3416
2022-06-04,Saturday,221,0,3195
2022-06-05,Sunday,0,0,3195
2022-06-06,Monday,7,720,3908
2022-06-07,Tuesday,26,0,3882
2022-06-08,Wednesday,38,0,3844
2022-06-09,Thursday,121,0,3723
2022-06-10,Friday,244,0,3479
2022-06-11,Saturday,155,0,3324
2022-06-12,Sunday,0,0,3324
2022-06-13,Monday,5,720,4039
2022-06-14,Tuesday,20,0,4019
2022-06-15,Wednesday,49,0,3970
2022-06-16,Thursday,141,0,3829
2022-06-17,Friday,171,0,3658
2022-06-18,Saturday,140,0,3518
2022-06-19,Sunday,0,0,3518
2022-06-20,Monday,3,720,4235
2022-06-21,Tuesday,24,0,4211
2022-06-22,Wednesday,44,0,4167
2022-06-23,Thursday,64,0,4103
2022-06-24,Friday,93,0,4010
2022-06-25,Saturday,121,0,3889
2022-06-26,Sunday,0,0,3889
2022-06-27,Monday,5,720,4604
2022-06-28,Tuesday,24,0,4580
2022-06-29,Wednesday,44,0,4536
2022-06-30,Thursday,145,0,4391
2022-07-01,Friday,125,0,4266
2022-07-02,Saturday,140,0,4126
2022-07-03,Sunday,0,0,4126
2022-07-04,Monday,3,720,4843
2022-07-05,Tuesday,3,0,4840
2022-07-06,Wednesday,36,0,4804
2022-07-07,Thursday,161,0,4643
2022-07-08,Friday,314,0,4329
2022-07-09,Saturday,208,0,4121
2022-07-10,Sunday,0,0,4121
2022-07-11,Monday,5,720,4836
2022-07-12,Tuesday,28,0,4808
2022-07-13,Wednesday,28,0,4780
2022-07-14,Thursday,203,0,4577
2022-07-15,Friday,260,0,4317
2022-07-16,Saturday,118,0,4199
2022-07-17,Sunday,0,0,4199
2022-07-18,Monday,6,720,4913
2022-07-19,Tuesday,21,0,4892
2022-07-20,Wednesday,51,0,4841
2022-07-21,Thursday,132,0,4709
2022-07-22,Friday,142,0,4567
2022-07-23,Saturday,144,0,4423
2022-07-24,Sunday,0,0,4423
2022-07-25,Monday,4,720,5139
2022-07-26,Tuesday,28,0,5111
2022-07-27,Wednesday,59,0,5052
2022-07-28,Thursday,73,0,4979
2022-07-29,Friday,127,0,4852
2022-07-30,Saturday,254,0,4598
2022-07-31,Sunday,0,0,4598
2022-08-01,Monday,6,720,5312
2022-08-02,Tuesday,15,0,5297
2022-08-03,Wednesday,32,0,5265
2022-08-04,Thursday,137,0,5128
2022-08-05,Friday,82,0,5046
2022-08-06,Saturday,258,0,4788
2022-08-07,Sunday,0,0,4788
2022-08-08,Monday,3,720,5505
2022-08-09,Tuesday,22,0,5483
2022-08-10,Wednesday,53,0,5430
2022-08-11,Thursday,111,0,5319
2022-08-12,Friday,206,0,5113
2022-08-13,Saturday,227,0,4886
2022-08-14,Sunday,0,0,4886
2022-08-15,Monday,7,720,5599
2022-08-16,Tuesday,18,0,5581
2022-08-17,Wednesday,39,0,5542
2022-08-18,Thursday,95,0,5447
2022-08-19,Friday,282,0,5165
2022-08-20,Saturday,104,0,5061
2022-08-21,Sunday,0,0,5061
2022-08-22,Monday,6,720,5775
2022-08-23,Tuesday,17,0,5758
2022-08-24,Wednesday,30,0,5728
2022-08-25,Thursday,230,0,5498
2022-08-26,Friday,166,0,5332
2022-08-27,Saturday,115,0,5217
2022-08-28,Sunday,0,0,5217
2022-08-29,Monday,5,720,5932
2022-08-30,Tuesday,14,0,5918
2022-08-31,Wednesday,44,0,5874
2022-09-01,Thursday,88,0,5786
2022-09-02,Friday,264,0,5522
2022-09-03,Saturday,161,0,5361
2022-09-04,Sunday,0,0,5361
2022-09-05,Monday,5,720,6076
2022-09-06,Tuesday,24,0,6052
2022-09-07,Wednesday,4,0,6048
2022-09-08,Thursday,152,0,5896
2022-09-09,Friday,241,0,5655
2022-09-10,Saturday,103,0,5552
2022-09-11,Sunday,0,0,5552
2022-09-12,Monday,4,720,6268
2022-09-13,Tuesday,12,0,6256
2022-09-14,Wednesday,51,0,6205
2022-09-15,Thursday,99,0,6106
2022-09-16,Friday,273,0,5833
2022-09-17,Saturday,200,0,5633
2022-09-18,Sunday,0,0,5633
2022-09-19,Monday,4,720,6349
2022-09-20,Tuesday,11,0,6338
2022-09-21,Wednesday,46,0,6292
2022-09-22,Thursday,115,0,6177
2022-09-23,Friday,164,0,6013
2022-09-24,Saturday,134,0,5879
2022-09-25,Sunday,0,0,5879
2022-09-26,Monday,6,720,6593
2022-09-27,Tuesday,11,0,6582
2022-09-28,Wednesday,41,0,6541
2022-09-29,Thursday,211,0,6330
2022-09-30,Friday,269,0,6061
2022-10-01,Saturday,131,0,5930
2022-10-02,Sunday,0,0,5930
2022-10-03,Monday,3,720,6647
2022-10-04,Tuesday,24,0,6623
2022-10-05,Wednesday,31,0,6592
2022-10-06,Thursday,71,0,6521
2022-10-07,Friday,166,0,6355
2022-10-08,Saturday,318,0,6037
2022-10-09,Sunday,0,0,6037
2022-10-10,Monday,5,720,6752
2022-10-11,Tuesday,25,0,6727
2022-10-12,Wednesday,24,0,6703
2022-10-13,Thursday,228,0,6475
2022-10-14,Friday,201,0,6274
2022-10-15,Saturday,195,0,6079
2022-10-16,Sunday,0,0,6079
2022-10-17,Monday,6,720,6793
2022-10-18,Tuesday,20,0,6773
2022-10-19,Wednesday,42,0,6731
2022-10-20,Thursday,190,0,6541
2022-10-21,Friday,149,0,6392
2022-10-22,Saturday,279,0,6113
2022-10-23,Sunday,0,0,6113
2022-10-24,Monday,4,720,6829
2022-10-25,Tuesday,16,0,6813
2022-10-26,Wednesday,30,0,6783
2022-10-27,Thursday,242,0,6541
2022-10-28,Friday,196,0,6345
2022-10-29,Saturday,140,0,6205
2022-10-30,Sunday,0,0,6205
2022-10-31,Monday,8,720,6917
2022-11-01,Tuesday,26,0,6891
2022-11-02,Wednesday,28,0,6863
2022-11-03,Thursday,96,0,6767
2022-11-04,Friday,287,0,6480
2022-11-05,Saturday,199,0,6281
2022-11-06,Sunday,0,0,6281
2022-11-07,Monday,3,720,6998
2022-11-08,Tuesday,20,0,6978
2022-11-09,Wednesday,38,0,6940
2022-11-10,Thursday,138,0,6802
2022-11-11,Friday,239,0,6563
2022-11-12,Saturday,195,0,6368
2022-11-13,Sunday,0,0,6368
2022-11-14,Monday,3,720,7085
2022-11-15,Tuesday,15,0,7070
2022-11-16,Wednesday,43,0,7027
2022-11-17,Thursday,20,0,7007
2022-11-18,Friday,225,0,6782
2022-11-19,Saturday,177,0,6605
2022-11-20,Sunday,0,0,6605
2022-11-21,Monday,5,720,7320
2022-11-22,Tuesday,19,0,7301
2022-11-23,Wednesday,44,0,7257
2022-11-24,Thursday,178,0,7079
2022-11-25,Friday,188,0,6891
2022-11-26,Saturday,215,0,6676
2022-11-27,Sunday,0,0,6676
2022-11-28,Monday,3,720,7393
2022-11-29,Tuesday,22,0,7371
2022-11-30,Wednesday,55,0,7316
2022-12-01,Thursday,163,0,7153
2022-12-02,Friday,257,0,6896
2022-12-03,Saturday,221,0,6675
2022-12-04,Sunday,0,0,6675
2022-12-05,Monday,6,720,7389
2022-12-06,Tuesday,16,0,7373
2022-12-07,Wednesday,51,0,7322
2022-12-08,Thursday,185,0,7137
2022-12-09,Friday,209,0,6928
2022-12-10,Saturday,279,0,6649
2022-12-11,Sunday,0,0,6649
2022-12-12,Monday,4,720,7365
2022-12-13,Tuesday,19,0,7346
2022-12-14,Wednesday,28,0,7318
2022-12-15,Thursday,87,0,7231
2022-12-16,Friday,243,0,6988
2022-12-17,Saturday,66,0,6922
2022-12-18,Sunday,0,0,6922
2022-12-19,Monday,6,720,7636
2022-12-20,Tuesday,19,0,7617
2022-12-21,Wednesday,34,0,7583
2022-12-22,Thursday,199,0,7384
2022-12-23,Friday,239,0,7145
2022-12-24,Saturday,199,0,6946
2022-12-25,Sunday,0,0,6946
2022-12-26,Monday,7,720,7659
2022-12-27,Tuesday,22,0,7637
2022-12-28,Wednesday,27,0,7610
2022-12-29,Thursday,163,0,7447
2022-12-30,Friday,94,0,7353
2022-12-31,Saturday,204,0,7149
2023-01-01,Sunday,0,0,7149
2023-01-02,Monday,5,720,7864
2023-01-03,Tuesday,30,0,7834
2023-01-04,Wednesday,29,0,7805
2023-01-05,Thursday,225,0,7580
2023-01-06,Friday,251,0,7329
2023-01-07,Saturday,192,0,7137
2023-01-08,Sunday,0,0,7137
2023-01-09,Monday,5,720,7852
2023-01-10,Tuesday,26,0,7826
2023-01-11,Wednesday,52,0,7774
2023-01-12,Thursday,138,0,7636
2023-01-13,Friday,152,0,7484
2023-01-14,Saturday,251,0,7233
2023-01-15,Sunday,0,0,7233
2023-01-16,Monday,9,720,7944
2023-01-17,Tuesday,23,0,7921
2023-01-18,Wednesday,64,0,7857
2023-01-19,Thursday,137,0,7720
2023-01-20,Friday,268,0,7452
2023-01-21,Saturday,215,0,7237
2023-01-22,Sunday,0,0,7237
2023-01-23,Monday,5,720,7952
2023-01-24,Tuesday,20,0,7932
2023-01-25,Wednesday,48,0,7884
2023-01-26,Thursday,154,0,7730
2023-01-27,Friday,212,0,7518
2023-01-28,Saturday,229,0,7289
2023-01-29,Sunday,0,0,7289
2023-01-30,Monday,1,720,8008
2023-01-31,Tuesday,28,0,7980
2023-02-01,Wednesday,32,0,7948
2023-02-02,Thursday,116,0,7832
2023-02-03,Friday,161,0,7671
2023-02-04,Saturday,220,0,7451
2023-02-05,Sunday,0,0,7451
2023-02-06,Monday,4,720,8167
2023-02-07,Tuesday,26,0,8141
2023-02-08,Wednesday,47,0,8094
2023-02-09,Thursday,153,0,7941
2023-02-10,Friday,274,0,7667
2023-02-11,Saturday,325,0,7342
2023-02-12,Sunday,0,0,7342
2023-02-13,Monday,2,720,8060
2023-02-14,Tuesday,22,0,8038
2023-02-15,Wednesday,58,0,7980
2023-02-16,Thursday,100,0,7880
2023-02-17,Friday,105,0,7775
2023-02-18,Saturday,191,0,7584
2023-02-19,Sunday,0,0,7584
2023-02-20,Monday,6,720,8298
2023-02-21,Tuesday,19,0,8279
2023-02-22,Wednesday,39,0,8240
2023-02-23,Thursday,167,0,8073
2023-02-24,Friday,96,0,7977
2023-02-25,Saturday,220,0,7757
2023-02-26,Sunday,0,0,7757
2023-02-27,Monday,6,720,8471
2023-02-28,Tuesday,19,0,8452
2023-03-01,Wednesday,39,0,8413
2023-03-02,Thursday,178,0,8235
2023-03-03,Friday,196,0,8039
2023-03-04,Saturday,294,0,7745
2023-03-05,Sunday,0,0,7745
2023-03-06,Monday,8,720,8457
2023-03-07,Tuesday,18,0,8439
2023-03-08,Wednesday,51,0,8388
2023-03-09,Thursday,189,0,8199
2023-03-10,Friday,164,0,8035
2023-03-11,Saturday,245,0,7790
2023-03-12,Sunday,0,0,7790
2023-03-13,Monday,5,720,8505
2023-03-14,Tuesday,29,0,8476
2023-03-15,Wednesday,53,0,8423
2023-03-16,Thursday,124,0,8299
2023-03-17,Friday,194,0,8105
2023-03-18,Saturday,228,0,7877
2023-03-19,Sunday,0,0,7877
2023-03-20,Monday,3,720,8594
2023-03-21,Tuesday,18,0,8576
2023-03-22,Wednesday,30,0,8546
2023-03-23,Thursday,99,0,8447
2023-03-24,Friday,225,0,8222
2023-03-25,Saturday,155,0,8067
2023-03-26,Sunday,0,0,8067
2023-03-27,Monday,7,720,8780
2023-03-28,Tuesday,16,0,8764
2023-03-29,Wednesday,46,0,8718
2023-03-30,Thursday,105,0,8613
2023-03-31,Friday,205,0,8408
2023-04-01,Saturday,225,0,8183
2023-04-02,Sunday,0,0,8183
2023-04-03,Monday,5,720,8898
2023-04-04,Tuesday,17,0,8881
2023-04-05,Wednesday,38,0,8843
