fecha,nombre_dia,ventas,compra,Inventario
2022-01-01,Saturday,87,0,633
2022-01-02,Sunday,0,0,633
2022-01-03,Monday,5,720,1348
2022-01-04,Tuesday,29,0,1319
2022-01-05,Wednesday,32,0,1287
2022-01-06,Thursday,35,0,1252
2022-01-07,Friday,202,0,1050
2022-01-08,Saturday,117,0,933
2022-01-09,Sunday,0,0,933
2022-01-10,Monday,4,720,1649
2022-01-11,Tuesday,12,0,1637
2022-01-12,Wednesday,46,0,1591
2022-01-13,Thursday,163,0,1428
2022-01-14,Friday,155,0,1273
2022-01-15,Saturday,269,0,1004
2022-01-16,Sunday,0,0,1004
2022-01-17,Monday,3,720,1721
2022-01-18,Tuesday,25,0,1696
2022-01-19,Wednesday,43,0,1653
2022-01-20,Thursday,141,0,1512
2022-01-21,Friday,180,0,1332
2022-01-22,Saturday,285,0,1047
2022-01-23,Sunday,0,0,1047
2022-01-24,Monday,3,720,1764
2022-01-25,Tuesday,17,0,1747
2022-01-26,Wednesday,30,0,1717
2022-01-27,Thursday,166,0,1551
2022-01-28,Friday,313,0,1238
2022-01-29,Saturday,256,0,982
2022-01-30,Sunday,0,0,982
2022-01-31,Monday,6,720,1696
2022-02-01,Tuesday,26,0,1670
2022-02-02,Wednesday,46,0,1624
2022-02-03,Thursday,181,0,1443
2022-02-04,Friday,147,0,1296
2022-02-05,Saturday,251,0,1045
2022-02-06,Sunday,0,0,1045
2022-02-07,Monday,4,720,1761
2022-02-08,Tuesday,29,0,1732
2022-02-09,Wednesday,22,0,1710
2022-02-10,Thursday,98,0,1612
2022-02-11,Friday,203,0,1409
2022-02-12,Saturday,243,0,1166
2022-02-13,Sunday,0,0,1166
2022-02-14,Monday,9,720,1877
2022-02-15,Tuesday,19,0,1858
2022-02-16,Wednesday,56,0,1802
2022-02-17,Thursday,84,0,1718
2022-02-18,Friday,108,0,1610
2022-02-19,Saturday,177,0,1433
2022-02-20,Sunday,0,0,1433
2022-02-21,Monday,7,720,2146
2022-02-22,Tuesday,19,0,2127
2022-02-23,Wednesday,42,0,2085
2022-02-24,Thursday,97,0,1988
2022-02-25,Friday,207,0,1781
2022-02-26,Saturday,244,0,1537
2022-02-27,Sunday,0,0,1537
2022-02-28,Monday,3,720,2254
2022-03-01,Tuesday,15,0,2239
2022-03-02,Wednesday,57,0,2182
2022-03-03,Thursday,205,0,1977
2022-03-04,Friday,233,0,1744
2022-03-05,Saturday,164,0,1580
2022-03-06,Sunday,0,0,1580
2022-03-07,Monday,3,720,2297
2022-03-08,Tuesday,22,0,2275
2022-03-09,Wednesday,37,0,2238
2022-03-10,Thursday,94,0,2144
2022-03-11,Friday,241,0,1903
2022-03-12,Saturday,159,0,1744
2022-03-13,Sunday,0,0,1744
2022-03-14,Monday,7,720,2457
2022-03-15,Tuesday,25,0,2432
2022-03-16,Wednesday,48,0,2384
2022-03-17,Thursday,168,0,2216
2022-03-18,Friday,205,0,2011
2022-03-19,Saturday,132,0,1879
2022-03-20,Sunday,0,0,1879
2022-03-21,Monday,6,720,2593
2022-03-22,Tuesday,29,0,2564
2022-03-23,Wednesday,30,0,2534
2022-03-24,Thursday,67,0,2467
2022-03-25,Friday,142,0,2325
2022-03-26,Saturday,263,0,2062
2022-03-27,Sunday,0,0,2062
2022-03-28,Monday,2,720,2780
2022-03-29,Tuesday,20,0,2760
2022-03-30,Wednesday,55,0,2705
2022-03-31,Thursday,228,0,2477
2022-04-01,Friday,141,0,2336
2022-04-02,Saturday,139,0,2197
2022-04-03,Sunday,0,0,2197
2022-04-04,Monday,8,720,2909
2022-04-05,Tuesday,18,0,2891
2022-04-06,Wednesday,41,0,2850
2022-04-07,Thursday,86,0,2764
2022-04-08,Friday,214,0,2550
2022-04-09,Saturday,129,0,2421
2022-04-10,Sunday,0,0,2421
2022-04-11,Monday,5,720,3136
2022-04-12,Tuesday,20,0,3116
2022-04-13,Wednesday,32,0,3084
2022-04-14,Thursday,143,0,2941
2022-04-15,Friday,214,0,2727
2022-04-16,Saturday,224,0,2503
2022-04-17,Sunday,0,0,2503
2022-04-18,Monday,5,720,3218
2022-04-19,Tuesday,16,0,3202
2022-04-20,Wednesday,43,0,3159
2022-04-21,Thursday,120,0,3039
2022-04-22,Friday,238,0,2801
2022-04-23,Saturday,276,0,2525
2022-04-24,Sunday,0,0,2525
2022-04-25,Monday,3,720,3242
2022-04-26,Tuesday,24,0,3218
2022-04-27,Wednesday,51,0,3167
2022-04-28,Thursday,211,0,2956
2022-04-29,Friday,158,0,2798
2022-04-30,Saturday,156,0,2642
2022-05-01,Sunday,0,0,2642
2022-05-02,Monday,5,720,3357
2022-05-03,Tuesday,19,0,3338
2022-05-04,Wednesday,0,0,3338
2022-05-05,Thursday,126,0,3212
2022-05-06,Friday,155,0,3057
2022-05-07,Saturday,103,0,2954
2022-05-08,Sunday,0,0,2954
2022-05-09,Monday,4,720,3670
2022-05-10,Tuesday,13,0,3657
2022-05-11,Wednesday,51,0,3606
2022-05-12,Thursday,152,0,3454
2022-05-13,Friday,152,0,3302
2022-05-14,Saturday,204,0,3098
2022-05-15,Sunday,0,0,3098
2022-05-16,Monday,5,720,3813
2022-05-17,Tuesday,15,0,3798
2022-05-18,Wednesday,32,0,3766
2022-05-19,Thursday,215,0,3551
2022-05-20,Friday,213,0,3338
2022-05-21,Saturday,211,0,3127
2022-05-22,Sunday,0,0,3127
2022-05-23,Monday,5,720,3842
2022-05-24,Tuesday,18,0,3824
2022-05-25,Wednesday,9,0,3815
2022-05-26,Thursday,95,0,3720
2022-05-27,Friday,270,0,3450
2022-05-28,Saturday,209,0,3241
2022-05-29,Sunday,0,0,3241
2022-05-30,Monday,4,720,3957
2022-05-31,Tuesday,20,0,3937
2022-06-01,Wednesday,42,0,3895
2022-06-02,Thursday,156,0,3739
2022-06-03,Friday,200,0,3539
2022-06-04,Saturday,275,0,3264
2022-06-05,Sunday,0,0,3264
2022-06-06,Monday,4,720,3980
2022-06-07,Tuesday,18,0,3962
2022-06-08,Wednesday,35,0,3927
2022-06-09,Thursday,166,0,3761
2022-06-10,Friday,217,0,3544
2022-06-11,Saturday,195,0,3349
2022-06-12,Sunday,0,0,3349
2022-06-13,Monday,7,720,4062
2022-06-14,Tuesday,13,0,4049
2022-06-15,Wednesday,32,0,4017
2022-06-16,Thursday,127,0,3890
2022-06-17,Friday,193,0,3697
2022-06-18,Saturday,236,0,3461
2022-06-19,Sunday,0,0,3461
2022-06-20,Monday,6,720,4175
2022-06-21,Tuesday,25,0,4150
2022-06-22,Wednesday,13,0,4137
2022-06-23,Thursday,103,0,4034
2022-06-24,Friday,237,0,3797
2022-06-25,Saturday,174,0,3623
2022-06-26,Sunday,0,0,3623
2022-06-27,Monday,6,720,4337
2022-06-28,Tuesday,23,0,4314
2022-06-29,Wednesday,36,0,4278
2022-06-30,Thursday,133,0,4145
2022-07-01,Friday,167,0,3978
2022-07-02,Saturday,98,0,3880
2022-07-03,Sunday,0,0,3880
2022-07-04,Monday,7,720,4593
2022-07-05,Tuesday,15,0,4578
2022-07-06,Wednesday,44,0,4534
2022-07-07,Thursday,208,0,4326
2022-07-08,Friday,258,0,4068
2022-07-09,Saturday,219,0,3849
2022-07-10,Sunday,0,0,3849
2022-07-11,Monday,4,720,4565
2022-07-12,Tuesday,32,0,4533
2022-07-13,Wednesday,41,0,4492
2022-07-14,Thursday,197,0,4295
2022-07-15,Friday,137,0,4158
2022-07-16,Saturday,212,0,3946
2022-07-17,Sunday,0,0,3946
2022-07-18,Monday,2,720,4664
2022-07-19,Tuesday,17,0,4647
2022-07-20,Wednesday,32,0,4615
2022-07-21,Thursday,157,0,4458
2022-07-22,Friday,222,0,4236
2022-07-23,Saturday,193,0,4043
2022-07-24,Sunday,0,0,4043
2022-07-25,Monday,4,720,4759
2022-07-26,Tuesday,22,0,4737
2022-07-27,Wednesday,29,0,4708
2022-07-28,Thursday,125,0,4583
2022-07-29,Friday,216,0,4367
2022-07-30,Saturday,248,0,4119
2022-07-31,Sunday,0,0,4119
2022-08-01,Monday,5,720,4834
2022-08-02,Tuesday,14,0,4820
2022-08-03,Wednesday,45,0,4775
2022-08-04,Thursday,134,0,4641
2022-08-05,Friday,126,0,4515
2022-08-06,Saturday,105,0,4410
2022-08-07,Sunday,0,0,4410
2022-08-08,Monday,5,720,5125
2022-08-09,Tuesday,18,0,5107
2022-08-10,Wednesday,61,0,5046
2022-08-11,Thursday,166,0,4880
2022-08-12,Friday,196,0,4684
2022-08-13,Saturday,254,0,4430
2022-08-14,Sunday,0,0,4430
2022-08-15,Monday,4,720,5146
2022-08-16,Tuesday,24,0,5122
2022-08-17,Wednesday,27,0,5095
2022-08-18,Thursday,85,0,5010
2022-08-19,Friday,118,0,4892
2022-08-20,Saturday,231,0,4661
2022-08-21,Sunday,0,0,4661
2022-08-22,Monday,6,720,5375
2022-08-23,Tuesday,26,0,5349
2022-08-24,Wednesday,54,0,5295
2022-08-25,Thursday,153,0,5142
2022-08-26,Friday,118,0,5024
2022-08-27,Saturday,264,0,4760
2022-08-28,Sunday,0,0,4760
2022-08-29,Monday,5,720,5475
2022-08-30,Tuesday,23,0,5452
2022-08-31,Wednesday,56,0,5396
2022-09-01,Thursday,135,0,5261
2022-09-02,Friday,208,0,5053
2022-09-03,Saturday,146,0,4907
2022-09-04,Sunday,0,0,4907
2022-09-05,Monday,5,720,5622
2022-09-06,Tuesday,29,0,5593
2022-09-07,Wednesday,36,0,5557
2022-09-08,Thursday,169,0,5388
2022-09-09,Friday,94,0,5294
2022-09-10,Saturday,159,0,5135
2022-09-11,Sunday,0,0,5135
2022-09-12,Monday,6,720,5849
2022-09-13,Tuesday,12,0,5837
2022-09-14,Wednesday,45,0,5792
2022-09-15,Thursday,120,0,5672
2022-09-16,Friday,280,0,5392
2022-09-17,Saturday,157,0,5235
2022-09-18,Sunday,0,0,5235
2022-09-19,Monday,4,720,5951
2022-09-20,Tuesday,27,0,5924
2022-09-21,Wednesday,30,0,5894
2022-09-22,Thursday,73,0,5821
2022-09-23,Friday,154,0,5667
2022-09-24,Saturday,189,0,5478
2022-09-25,Sunday,0,0,5478
2022-09-26,Monday,5,720,6193
2022-09-27,Tuesday,11,0,6182
2022-09-28,Wednesday,35,0,6147
2022-09-29,Thursday,137,0,6010
2022-09-30,Friday,186,0,5824
2022-10-01,Saturday,251,0,5573
2022-10-02,Sunday,0,0,5573
2022-10-03,Monday,3,720,6290
2022-10-04,Tuesday,24,0,6266
2022-10-05,Wednesday,54,0,6212
2022-10-06,Thursday,57,0,6155
2022-10-07,Friday,141,0,6014
2022-10-08,Saturday,141,0,5873
2022-10-09,Sunday,0,0,5873
2022-10-10,Monday,6,720,6587
2022-10-11,Tuesday,10,0,6577
2022-10-12,Wednesday,55,0,6522
2022-10-13,Thursday,151,0,6371
2022-10-14,Friday,241,0,6130
2022-10-15,Saturday,254,0,5876
2022-10-16,Sunday,0,0,5876
2022-10-17,Monday,5,720,6591
2022-10-18,Tuesday,27,0,6564
2022-10-19,Wednesday,58,0,6506
2022-10-20,Thursday,100,0,6406
2022-10-21,Friday,150,0,6256
2022-10-22,Saturday,147,0,6109
2022-10-23,Sunday,0,0,6109
2022-10-24,Monday,3,720,6826
2022-10-25,Tuesday,19,0,6807
2022-10-26,Wednesday,42,0,6765
2022-10-27,Thursday,187,0,6578
2022-10-28,Friday,248,0,6330
2022-10-29,Saturday,201,0,6129
2022-10-30,Sunday,0,0,6129
2022-10-31,Monday,5,720,6844
2022-11-01,Tuesday,21,0,6823
2022-11-02,Wednesday,26,0,6797
2022-11-03,Thursday,137,0,6660
2022-11-04,Friday,160,0,6500
2022-11-05,Saturday,199,0,6301
2022-11-06,Sunday,0,0,6301
2022-11-07,Monday,6,720,7015
2022-11-08,Tuesday,14,0,7001
2022-11-09,Wednesday,39,0,6962
2022-11-10,Thursday,118,0,6844
2022-11-11,Friday,75,0,6769
2022-11-12,Saturday,209,0,6560
2022-11-13,Sunday,0,0,6560
2022-11-14,Monday,6,720,7274
2022-11-15,Tuesday,7,0,7267
2022-11-16,Wednesday,49,0,7218
2022-11-17,Thursday,134,0,7084
2022-11-18,Friday,252,0,6832
2022-11-19,Saturday,180,0,6652
2022-11-20,Sunday,0,0,6652
2022-11-21,Monday,7,720,7365
2022-11-22,Tuesday,15,0,7350
2022-11-23,Wednesday,29,0,7321
2022-11-24,Thursday,173,0,7148
2022-11-25,Friday,169,0,6979
2022-11-26,Saturday,249,0,6730
2022-11-27,Sunday,0,0,6730
2022-11-28,Monday,6,720,7444
2022-11-29,Tuesday,31,0,7413
2022-11-30,Wednesday,55,0,7358
2022-12-01,Thursday,134,0,7224
2022-12-02,Friday,177,0,7047
2022-12-03,Saturday,208,0,6839
2022-12-04,Sunday,0,0,6839
2022-12-05,Monday,3,720,7556
2022-12-06,Tuesday,18,0,7538
2022-12-07,Wednesday,62,0,7476
2022-12-08,Thursday,58,0,7418
2022-12-09,Friday,219,0,7199
2022-12-10,Saturday,263,0,6936
2022-12-11,Sunday,0,0,6936
2022-12-12,Monday,4,720,7652
2022-12-13,Tuesday,20,0,7632
2022-12-14,Wednesday,45,0,7587
2022-12-15,Thursday,125,0,7462
2022-12-16,Friday,269,0,7193
2022-12-17,Saturday,261,0,6932
2022-12-18,Sunday,0,0,6932
2022-12-19,Monday,5,720,7647
2022-12-20,Tuesday,19,0,7628
2022-12-21,Wednesday,29,0,7599
2022-12-22,Thursday,193,0,7406
2022-12-23,Friday,195,0,7211
2022-12-24,Saturday,150,0,7061
2022-12-25,Sunday,0,0,7061
2022-12-26,Monday,8,720,7773
2022-12-27,Tuesday,20,0,7753
2022-12-28,Wednesday,43,0,7710
2022-12-29,Thursday,145,0,7565
2022-12-30,Friday,235,0,7330
2022-12-31,Saturday,188,0,7142
2023-01-01,Sunday,0,0,7142
2023-01-02,Monday,3,720,7859
2023-01-03,Tuesday,15,0,7844
2023-01-04,Wednesday,27,0,7817
2023-01-05,Thursday,163,0,7654
2023-01-06,Friday,147,0,7507
2023-01-07,Saturday,203,0,7304
2023-01-08,Sunday,0,0,7304
2023-01-09,Monday,6,720,8018
2023-01-10,Tuesday,23,0,7995
2023-01-11,Wednesday,68,0,7927
2023-01-12,Thursday,159,0,7768
2023-01-13,Friday,199,0,7569
2023-01-14,Saturday,205,0,7364
2023-01-15,Sunday,0,0,7364
2023-01-16,Monday,4,720,8080
2023-01-17,Tuesday,23,0,8057
2023-01-18,Wednesday,42,0,8015
2023-01-19,Thursday,139,0,7876
2023-01-20,Friday,141,0,7735
2023-01-21,Saturday,195,0,7540
2023-01-22,Sunday,0,0,7540
2023-01-23,Monday,6,720,8254
2023-01-24,Tuesday,33,0,8221
2023-01-25,Wednesday,44,0,8177
2023-01-26,Thursday,133,0,8044
2023-01-27,Friday,274,0,7770
2023-01-28,Saturday,179,0,7591
2023-01-29,Sunday,0,0,7591
2023-01-30,Monday,5,720,8306
2023-01-31,Tuesday,28,0,8278
2023-02-01,Wednesday,58,0,8220
2023-02-02,Thursday,194,0,8026
2023-02-03,Friday,269,0,7757
2023-02-04,Saturday,218,0,7539
2023-02-05,Sunday,0,0,7539
2023-02-06,Monday,7,720,8252
2023-02-07,Tuesday,19,0,8233
2023-02-08,Wednesday,43,0,8190
2023-02-09,Thursday,96,0,8094
2023-02-10,Friday,184,0,7910
2023-02-11,Saturday,212,0,7698
2023-02-12,Sunday,0,0,7698
2023-02-13,Monday,5,720,8413
2023-02-14,Tuesday,24,0,8389
2023-02-15,Wednesday,56,0,8333
2023-02-16,Thursday,232,0,8101
2023-02-17,Friday,213,0,7888
2023-02-18,Saturday,240,0,7648
2023-02-19,Sunday,0,0,7648
2023-02-20,Monday,4,720,8364
2023-02-21,Tuesday,29,0,8335
2023-02-22,Wednesday,28,0,8307
2023-02-23,Thursday,143,0,8164
2023-02-24,Friday,176,0,7988
2023-02-25,Saturday,174,0,7814
2023-02-26,Sunday,0,0,7814
2023-02-27,Monday,5,720,8529
2023-02-28,Tuesday,15,0,8514
2023-03-01,Wednesday,40,0,8474
2023-03-02,Thursday,100,0,8374
2023-03-03,Friday,248,0,8126
2023-03-04,Saturday,117,0,8009
2023-03-05,Sunday,0,0,8009
2023-03-06,Monday,6,720,8723
2023-03-07,Tuesday,28,0,8695
2023-03-08,Wednesday,27,0,8668
2023-03-09,Thursday,70,0,8598
2023-03-10,Friday,209,0,8389
2023-03-11,Saturday,214,0,8175
2023-03-12,Sunday,0,0,8175
2023-03-13,Monday,5,720,8890
2023-03-14,Tuesday,26,0,8864
2023-03-15,Wednesday,41,0,8823
2023-03-16,Thursday,157,0,8666
2023-03-17,Friday,150,0,8516
2023-03-18,Saturday,187,0,8329
2023-03-19,Sunday,0,0,8329
2023-03-20,Monday,6,720,9043
2023-03-21,Tuesday,6,0,9037
2023-03-22,Wednesday,50,0,8987
2023-03-23,Thursday,213,0,8774
2023-03-24,Friday,351,0,8423
2023-03-25,Saturday,188,0,8235
2023-03-26,Sunday,0,0,8235
2023-03-27,Monday,4,720,8951
2023-03-28,Tuesday,10,0,8941
2023-03-29,Wednesday,31,0,8910
2023-03-30,Thursday,205,0,8705
2023-03-31,Friday,221,0,8484
2023-04-01,Saturday,158,0,8326
2023-04-02,Sunday,0,0,8326
2023-04-03,Monday,4,720,9042
2023-04-04,Tuesday,21,0,9021
2023-04-05,Wednesday,28,0,8993
