fecha,nombre_dia,ventas,compra,Inventario
2022-01-01,Saturday,196,0,524
2022-01-02,Sunday,0,0,524
2022-01-03,Monday,4,720,1240
2022-01-04,Tuesday,17,0,1223
2022-01-05,Wednesday,51,0,1172
2022-01-06,Thursday,132,0,1040
2022-01-07,Friday,217,0,823
2022-01-08,Saturday,192,0,631
2022-01-09,Sunday,0,0,631
2022-01-10,Monday,5,720,1346
2022-01-11,Tuesday,26,0,1320
2022-01-12,Wednesday,64,0,1256
2022-01-13,Thursday,116,0,1140
2022-01-14,Friday,249,0,891
2022-01-15,Saturday,308,0,583
2022-01-16,Sunday,0,0,583
2022-01-17,Monday,8,720,1295
2022-01-18,Tuesday,11,0,1284
2022-01-19,Wednesday,43,0,1241
2022-01-20,Thursday,252,0,989
2022-01-21,Friday,141,0,848
2022-01-22,Saturday,243,0,605
2022-01-23,Sunday,0,0,605
2022-01-24,Monday,4,720,1321
2022-01-25,Tuesday,20,0,1301
2022-01-26,Wednesday,32,0,1269
2022-01-27,Thursday,225,0,1044
2022-01-28,Friday,273,0,771
2022-01-29,Saturday,206,0,565
2022-01-30,Sunday,0,0,565
2022-01-31,Monday,6,720,1279
2022-02-01,Tuesday,15,0,1264
2022-02-02,Wednesday,47,0,1217
2022-02-03,Thursday,136,0,1081
2022-02-04,Friday,303,0,778
2022-02-05,Saturday,173,0,605
2022-02-06,Sunday,0,0,605
2022-02-07,Monday,7,720,1318
2022-02-08,Tuesday,21,0,1297
2022-02-09,Wednesday,43,0,1254
2022-02-10,Thursday,116,0,1138
2022-02-11,Friday,160,0,978
2022-02-12,Saturday,212,0,766
2022-02-13,Sunday,0,0,766
2022-02-14,Monday,6,720,1480
2022-02-15,Tuesday,21,0,1459
2022-02-16,Wednesday,30,0,1429
2022-02-17,Thursday,121,0,1308
2022-02-18,Friday,133,0,1175
2022-02-19,Saturday,215,0,960
2022-02-20,Sunday,0,0,960
2022-02-21,Monday,8,720,1672
2022-02-22,Tuesday,13,0,1659
2022-02-23,Wednesday,38,0,1621
2022-02-24,Thursday,164,0,1457
2022-02-25,Friday,125,0,1332
2022-02-26,Saturday,220,0,1112
2022-02-27,Sunday,0,0,1112
2022-02-28,Monday,5,720,1827
2022-03-01,Tuesday,26,0,1801
2022-03-02,Wednesday,59,0,1742
2022-03-03,Thursday,119,0,1623
2022-03-04,Friday,130,0,1493
2022-03-05,Saturday,221,0,1272
2022-03-06,Sunday,0,0,1272
2022-03-07,Monday,4,720,1988
2022-03-08,Tuesday,26,0,1962
2022-03-09,Wednesday,36,0,1926
2022-03-10,Thursday,211,0,1715
2022-03-11,Friday,166,0,1549
2022-03-12,Saturday,126,0,1423
2022-03-13,Sunday,0,0,1423
2022-03-14,Monday,4,720,2139
2022-03-15,Tuesday,7,0,2132
2022-03-16,Wednesday,30,0,2102
2022-03-17,Thursday,52,0,2050
2022-03-18,Friday,178,0,1872
2022-03-19,Saturday,201,0,1671
2022-03-20,Sunday,0,0,1671
2022-03-21,Monday,5,720,2386
2022-03-22,Tuesday,27,0,2359
2022-03-23,Wednesday,41,0,2318
2022-03-24,Thursday,213,0,2105
2022-03-25,Friday,196,0,1909
2022-03-26,Saturday,131,0,1778
2022-03-27,Sunday,0,0,1778
2022-03-28,Monday,9,720,2489
2022-03-29,Tuesday,21,0,2468
2022-03-30,Wednesday,27,0,2441
2022-03-31,Thursday,169,0,2272
2022-04-01,Friday,244,0,2028
2022-04-02,Saturday,286,0,1742
2022-04-03,Sunday,0,0,1742
2022-04-04,Monday,4,720,2458
2022-04-05,Tuesday,18,0,2440
2022-04-06,Wednesday,46,0,2394
2022-04-07,Thursday,125,0,2269
2022-04-08,Friday,166,0,2103
2022-04-09,Saturday,300,0,1803
2022-04-10,Sunday,0,0,1803
2022-04-11,Monday,5,720,2518
2022-04-12,Tuesday,18,0,2500
2022-04-13,Wednesday,44,0,2456
2022-04-14,Thursday,118,0,2338
2022-04-15,Friday,91,0,2247
2022-04-16,Saturday,250,0,1997
2022-04-17,Sunday,0,0,1997
2022-04-18,Monday,5,720,2712
2022-04-19,Tuesday,19,0,2693
2022-04-20,Wednesday,54,0,2639
2022-04-21,Thursday,180,0,2459
2022-04-22,Friday,164,0,2295
2022-04-23,Saturday,280,0,2015
2022-04-24,Sunday,0,0,2015
2022-04-25,Monday,6,720,2729
2022-04-26,Tuesday,4,0,2725
2022-04-27,Wednesday,25,0,2700
2022-04-28,Thursday,209,0,2491
2022-04-29,Friday,227,0,2264
2022-04-30,Saturday,282,0,1982
2022-05-01,Sunday,0,0,1982
2022-05-02,Monday,7,720,2695
2022-05-03,Tuesday,11,0,2684
2022-05-04,Wednesday,57,0,2627
2022-05-05,Thursday,199,0,2428
2022-05-06,Friday,330,0,2098
2022-05-07,Saturday,220,0,1878
2022-05-08,Sunday,0,0,1878
2022-05-09,Monday,5,720,2593
2022-05-10,Tuesday,25,0,2568
2022-05-11,Wednesday,41,0,2527
2022-05-12,Thursday,165,0,2362
2022-05-13,Friday,188,0,2174
2022-05-14,Saturday,196,0,1978
2022-05-15,Sunday,0,0,1978
2022-05-16,Monday,5,720,2693
2022-05-17,Tuesday,14,0,2679
2022-05-18,Wednesday,30,0,2649
2022-05-19,Thursday,130,0,2519
2022-05-20,Friday,234,0,2285
2022-05-21,Saturday,160,0,2125
2022-05-22,Sunday,0,0,2125
2022-05-23,Monday,5,720,2840
2022-05-24,Tuesday,22,0,2818
2022-05-25,Wednesday,56,0,2762
2022-05-26,Thursday,178,0,2584
2022-05-27,Friday,233,0,2351
2022-05-28,Saturday,204,0,2147
2022-05-29,Sunday,0,0,2147
2022-05-30,Monday,5,720,2862
2022-05-31,Tuesday,27,0,2835
2022-06-01,Wednesday,24,0,2811
2022-06-02,Thursday,66,0,2745
2022-06-03,Friday,254,0,2491
2022-06-04,Saturday,271,0,2220
2022-06-05,Sunday,0,0,2220
2022-06-06,Monday,1,720,2939
2022-06-07,Tuesday,17,0,2922
2022-06-08,Wednesday,25,0,2897
2022-06-09,Thursday,97,0,2800
2022-06-10,Friday,211,0,2589
2022-06-11,Saturday,167,0,2422
2022-06-12,Sunday,0,0,2422
2022-06-13,Monday,5,720,3137
2022-06-14,Tuesday,20,0,3117
2022-06-15,Wednesday,37,0,3080
2022-06-16,Thursday,127,0,2953
2022-06-17,Friday,191,0,2762
2022-06-18,Saturday,165,0,2597
2022-06-19,Sunday,0,0,2597
2022-06-20,Monday,6,720,3311
2022-06-21,Tuesday,28,0,3283
2022-06-22,Wednesday,45,0,3238
2022-06-23,Thursday,183,0,3055
2022-06-24,Friday,204,0,2851
2022-06-25,Saturday,232,0,2619
2022-06-26,Sunday,0,0,2619
2022-06-27,Monday,6,720,3333
2022-06-28,Tuesday,32,0,3301
2022-06-29,Wednesday,35,0,3266
2022-06-30,Thursday,65,0,3201
2022-07-01,Friday,166,0,3035
2022-07-02,Saturday,205,0,2830
2022-07-03,Sunday,0,0,2830
2022-07-04,Monday,4,720,3546
2022-07-05,Tuesday,21,0,3525
2022-07-06,Wednesday,23,0,3502
2022-07-07,Thursday,183,0,3319
2022-07-08,Friday,120,0,3199
2022-07-09,Saturday,281,0,2918
2022-07-10,Sunday,0,0,2918
2022-07-11,Monday,4,720,3634
2022-07-12,Tuesday,15,0,3619
2022-07-13,Wednesday,27,0,3592
2022-07-14,Thursday,129,0,3463
2022-07-15,Friday,184,0,3279
2022-07-16,Saturday,121,0,3158
2022-07-17,Sunday,0,0,3158
2022-07-18,Monday,6,720,3872
2022-07-19,Tuesday,20,0,3852
2022-07-20,Wednesday,61,0,3791
2022-07-21,Thursday,120,0,3671
2022-07-22,Friday,223,0,3448
2022-07-23,Saturday,198,0,3250
2022-07-24,Sunday,0,0,3250
2022-07-25,Monday,6,720,3964
2022-07-26,Tuesday,15,0,3949
2022-07-27,Wednesday,21,0,3928
2022-07-28,Thursday,118,0,3810
2022-07-29,Friday,229,0,3581
2022-07-30,Saturday,192,0,3389
2022-07-31,Sunday,0,0,3389
2022-08-01,Monday,6,720,4103
2022-08-02,Tuesday,27,0,4076
2022-08-03,Wednesday,51,0,4025
2022-08-04,Thursday,124,0,3901
2022-08-05,Friday,243,0,3658
2022-08-06,Saturday,283,0,3375
2022-08-07,Sunday,0,0,3375
2022-08-08,Monday,6,720,4089
2022-08-09,Tuesday,19,0,4070
2022-08-10,Wednesday,15,0,4055
2022-08-11,Thursday,30,0,4025
2022-08-12,Friday,176,0,3849
2022-08-13,Saturday,287,0,3562
2022-08-14,Sunday,0,0,3562
2022-08-15,Monday,4,720,4278
2022-08-16,Tuesday,15,0,4263
2022-08-17,Wednesday,16,0,4247
2022-08-18,Thursday,80,0,4167
2022-08-19,Friday,268,0,3899
2022-08-20,Saturday,113,0,3786
2022-08-21,Sunday,0,0,3786
2022-08-22,Monday,5,720,4501
2022-08-23,Tuesday,25,0,4476
2022-08-24,Wednesday,30,0,4446
2022-08-25,Thursday,92,0,4354
2022-08-26,Friday,218,0,4136
2022-08-27,Saturday,203,0,3933
2022-08-28,Sunday,0,0,3933
2022-08-29,Monday,5,720,4648
2022-08-30,Tuesday,20,0,4628
2022-08-31,Wednesday,71,0,4557
2022-09-01,Thursday,124,0,4433
2022-09-02,Friday,253,0,4180
2022-09-03,Saturday,142,0,4038
2022-09-04,Sunday,0,0,4038
2022-09-05,Monday,1,720,4757
2022-09-06,Tuesday,19,0,4738
2022-09-07,Wednesday,41,0,4697
2022-09-08,Thursday,116,0,4581
2022-09-09,Friday,272,0,4309
2022-09-10,Saturday,272,0,4037
2022-09-11,Sunday,0,0,4037
2022-09-12,Monday,4,720,4753
2022-09-13,Tuesday,27,0,4726
2022-09-14,Wednesday,44,0,4682
2022-09-15,Thursday,170,0,4512
2022-09-16,Friday,90,0,4422
2022-09-17,Saturday,146,0,4276
2022-09-18,Sunday,0,0,4276
2022-09-19,Monday,7,720,4989
2022-09-20,Tuesday,24,0,4965
2022-09-21,Wednesday,46,0,4919
2022-09-22,Thursday,126,0,4793
2022-09-23,Friday,153,0,4640
2022-09-24,Saturday,137,0,4503
2022-09-25,Sunday,0,0,4503
2022-09-26,Monday,5,720,5218
2022-09-27,Tuesday,21,0,5197
2022-09-28,Wednesday,55,0,5142
2022-09-29,Thursday,100,0,5042
2022-09-30,Friday,246,0,4796
2022-10-01,Saturday,150,0,4646
2022-10-02,Sunday,0,0,4646
2022-10-03,Monday,6,720,5360
2022-10-04,Tuesday,18,0,5342
2022-10-05,Wednesday,34,0,5308
2022-10-06,Thursday,99,0,5209
2022-10-07,Friday,295,0,4914
2022-10-08,Saturday,231,0,4683
2022-10-09,Sunday,0,0,4683
2022-10-10,Monday,8,720,5395
2022-10-11,Tuesday,23,0,5372
2022-10-12,Wednesday,41,0,5331
2022-10-13,Thursday,98,0,5233
2022-10-14,Friday,234,0,4999
2022-10-15,Saturday,139,0,4860
2022-10-16,Sunday,0,0,4860
2022-10-17,Monday,3,720,5577
2022-10-18,Tuesday,20,0,5557
2022-10-19,Wednesday,40,0,5517
2022-10-20,Thursday,125,0,5392
2022-10-21,Friday,164,0,5228
2022-10-22,Saturday,139,0,5089
2022-10-23,Sunday,0,0,5089
2022-10-24,Monday,2,720,5807
2022-10-25,Tuesday,20,0,5787
2022-10-26,Wednesday,53,0,5734
2022-10-27,Thursday,124,0,5610
2022-10-28,Friday,101,0,5509
2022-10-29,Saturday,182,0,5327
2022-10-30,Sunday,0,0,5327
2022-10-31,Monday,4,720,6043
2022-11-01,Tuesday,27,0,6016
2022-11-02,Wednesday,36,0,5980
2022-11-03,Thursday,128,0,5852
2022-11-04,Friday,174,0,5678
2022-11-05,Saturday,191,0,5487
2022-11-06,Sunday,0,0,5487
2022-11-07,Monday,4,720,6203
2022-11-08,Tuesday,26,0,6177
2022-11-09,Wednesday,38,0,6139
2022-11-10,Thursday,109,0,6030
2022-11-11,Friday,202,0,5828
2022-11-12,Saturday,155,0,5673
2022-11-13,Sunday,0,0,5673
2022-11-14,Monday,7,720,6386
2022-11-15,Tuesday,22,0,6364
2022-11-16,Wednesday,60,0,6304
2022-11-17,Thursday,102,0,6202
2022-11-18,Friday,194,0,6008
2022-11-19,Saturday,201,0,5807
2022-11-20,Sunday,0,0,5807
2022-11-21,Monday,6,720,6521
2022-11-22,Tuesday,19,0,6502
2022-11-23,Wednesday,46,0,6456
2022-11-24,Thursday,89,0,6367
2022-11-25,Friday,250,0,6117
2022-11-26,Saturday,109,0,6008
2022-11-27,Sunday,0,0,6008
2022-11-28,Monday,7,720,6721
2022-11-29,Tuesday,21,0,6700
2022-11-30,Wednesday,47,0,6653
2022-12-01,Thursday,119,0,6534
2022-12-02,Friday,243,0,6291
2022-12-03,Saturday,142,0,6149
2022-12-04,Sunday,0,0,6149
2022-12-05,Monday,7,720,6862
2022-12-06,Tuesday,16,0,6846
2022-12-07,Wednesday,36,0,6810
2022-12-08,Thursday,67,0,6743
2022-12-09,Friday,198,0,6545
2022-12-10,Saturday,256,0,6289
2022-12-11,Sunday,0,0,6289
2022-12-12,Monday,5,720,7004
2022-12-13,Tuesday,20,0,6984
2022-12-14,Wednesday,49,0,6935
2022-12-15,Thursday,135,0,6800
2022-12-16,Friday,194,0,6606
2022-12-17,Saturday,166,0,6440
2022-12-18,Sunday,0,0,6440
2022-12-19,Monday,3,720,7157
2022-12-20,Tuesday,18,0,7139
2022-12-21,Wednesday,32,0,7107
2022-12-22,Thursday,170,0,6937
2022-12-23,Friday,125,0,6812
2022-12-24,Saturday,253,0,6559
2022-12-25,Sunday,0,0,6559
2022-12-26,Monday,7,720,7272
2022-12-27,Tuesday,25,0,7247
2022-12-28,Wednesday,49,0,7198
2022-12-29,Thursday,172,0,7026
2022-12-30,Friday,244,0,6782
2022-12-31,Saturday,208,0,6574
2023-01-01,Sunday,0,0,6574
2023-01-02,Monday,4,720,7290
2023-01-03,Tuesday,19,0,7271
2023-01-04,Wednesday,53,0,7218
2023-01-05,Thursday,138,0,7080
2023-01-06,Friday,112,0,6968
2023-01-07,Saturday,124,0,6844
2023-01-08,Sunday,0,0,6844
2023-01-09,Monday,7,720,7557
2023-01-10,Tuesday,28,0,7529
2023-01-11,Wednesday,39,0,7490
2023-01-12,Thursday,93,0,7397
2023-01-13,Friday,262,0,7135
2023-01-14,Saturday,190,0,6945
2023-01-15,Sunday,0,0,6945
2023-01-16,Monday,6,720,7659
2023-01-17,Tuesday,18,0,7641
2023-01-18,Wednesday,42,0,7599
2023-01-19,Thursday,115,0,7484
2023-01-20,Friday,173,0,7311
2023-01-21,Saturday,174,0,7137
2023-01-22,Sunday,0,0,7137
2023-01-23,Monday,2,720,7855
2023-01-24,Tuesday,17,0,7838
2023-01-25,Wednesday,49,0,7789
2023-01-26,Thursday,133,0,7656
2023-01-27,Friday,168,0,7488
2023-01-28,Saturday,288,0,7200
2023-01-29,Sunday,0,0,7200
2023-01-30,Monday,6,720,7914
2023-01-31,Tuesday,18,0,7896
2023-02-01,Wednesday,86,0,7810
2023-02-02,Thursday,52,0,7758
2023-02-03,Friday,169,0,7589
2023-02-04,Saturday,253,0,7336
2023-02-05,Sunday,0,0,7336
2023-02-06,Monday,6,720,8050
2023-02-07,Tuesday,30,0,8020
2023-02-08,Wednesday,40,0,7980
2023-02-09,Thursday,145,0,7835
2023-02-10,Friday,264,0,7571
2023-02-11,Saturday,113,0,7458
2023-02-12,Sunday,0,0,7458
2023-02-13,Monday,8,720,8170
2023-02-14,Tuesday,19,0,8151
2023-02-15,Wednesday,29,0,8122
2023-02-16,Thursday,101,0,8021
2023-02-17,Friday,268,0,7753
2023-02-18,Saturday,256,0,7497
2023-02-19,Sunday,0,0,7497
2023-02-20,Monday,5,720,8212
2023-02-21,Tuesday,13,0,8199
2023-02-22,Wednesday,28,0,8171
2023-02-23,Thursday,88,0,8083
2023-02-24,Friday,206,0,7877
2023-02-25,Saturday,293,0,7584
2023-02-26,Sunday,0,0,7584
2023-02-27,Monday,7,720,8297
2023-02-28,Tuesday,11,0,8286
2023-03-01,Wednesday,44,0,8242
2023-03-02,Thursday,209,0,8033
2023-03-03,Friday,169,0,7864
2023-03-04,Saturday,166,0,7698
2023-03-05,Sunday,0,0,7698
2023-03-06,Monday,6,720,8412
2023-03-07,Tuesday,25,0,8387
2023-03-08,Wednesday,25,0,8362
2023-03-09,Thursday,151,0,8211
2023-03-10,Friday,79,0,8132
2023-03-11,Saturday,122,0,8010
2023-03-12,Sunday,0,0,8010
2023-03-13,Monday,4,720,8726
2023-03-14,Tuesday,28,0,8698
2023-03-15,Wednesday,38,0,8660
2023-03-16,Thursday,146,0,8514
2023-03-17,Friday,86,0,8428
2023-03-18,Saturday,191,0,8237
2023-03-19,Sunday,0,0,8237
2023-03-20,Monday,6,720,8951
2023-03-21,Tuesday,13,0,8938
2023-03-22,Wednesday,34,0,8904
2023-03-23,Thursday,174,0,8730
2023-03-24,Friday,145,0,8585
2023-03-25,Saturday,172,0,8413
2023-03-26,Sunday,0,0,8413
2023-03-27,Monday,5,720,9128
2023-03-28,Tuesday,24,0,9104
2023-03-29,Wednesday,28,0,9076
2023-03-30,Thursday,105,0,8971
2023-03-31,Friday,216,0,8755
2023-04-01,Saturday,221,0,8534
2023-04-02,Sunday,0,0,8534
2023-04-03,Monday,4,720,9250
2023-04-04,Tuesday,20,0,9230
2023-04-05,Wednesday,47,0,9183
