fecha,nombre_dia,ventas,compra,Inventario
2022-01-01,Saturday,312,0,408
2022-01-02,Sunday,0,0,408
2022-01-03,Monday,4,720,1124
2022-01-04,Tuesday,19,0,1105
2022-01-05,Wednesday,39,0,1066
2022-01-06,Thursday,134,0,932
2022-01-07,Friday,95,0,837
2022-01-08,Saturday,320,0,517
2022-01-09,Sunday,0,0,517
2022-01-10,Monday,5,720,1232
2022-01-11,Tuesday,17,0,1215
2022-01-12,Wednesday,36,0,1179
2022-01-13,Thursday,136,0,1043
2022-01-14,Friday,217,0,826
2022-01-15,Saturday,261,0,565
2022-01-16,Sunday,0,0,565
2022-01-17,Monday,2,720,1283
2022-01-18,Tuesday,24,0,1259
2022-01-19,Wednesday,21,0,1238
2022-01-20,Thursday,198,0,1040
2022-01-21,Friday,275,0,765
2022-01-22,Saturday,220,0,545
2022-01-23,Sunday,0,0,545
2022-01-24,Monday,4,720,1261
2022-01-25,Tuesday,25,0,1236
2022-01-26,Wednesday,46,0,1190
2022-01-27,Thursday,166,0,1024
2022-01-28,Friday,306,0,718
2022-01-29,Saturday,200,0,518
2022-01-30,Sunday,0,0,518
2022-01-31,Monday,6,720,1232
2022-02-01,Tuesday,30,0,1202
2022-02-02,Wednesday,48,0,1154
2022-02-03,Thursday,200,0,954
2022-02-04,Friday,95,0,859
2022-02-05,Saturday,221,0,638
2022-02-06,Sunday,0,0,638
2022-02-07,Monday,5,720,1353
2022-02-08,Tuesday,11,0,1342
2022-02-09,Wednesday,43,0,1299
2022-02-10,Thursday,171,0,1128
2022-02-11,Friday,147,0,981
2022-02-12,Saturday,266,0,715
2022-02-13,Sunday,0,0,715
2022-02-14,Monday,3,720,1432
2022-02-15,Tuesday,16,0,1416
2022-02-16,Wednesday,44,0,1372
2022-02-17,Thursday,115,0,1257
2022-02-18,Friday,146,0,1111
2022-02-19,Saturday,261,0,850
2022-02-20,Sunday,0,0,850
2022-02-21,Monday,6,720,1564
2022-02-22,Tuesday,22,0,1542
2022-02-23,Wednesday,31,0,1511
2022-02-24,Thursday,228,0,1283
2022-02-25,Friday,244,0,1039
2022-02-26,Saturday,135,0,904
2022-02-27,Sunday,0,0,904
2022-02-28,Monday,6,720,1618
2022-03-01,Tuesday,20,0,1598
2022-03-02,Wednesday,33,0,1565
2022-03-03,Thursday,105,0,1460
2022-03-04,Friday,244,0,1216
2022-03-05,Saturday,117,0,1099
2022-03-06,Sunday,0,0,1099
2022-03-07,Monday,2,720,1817
2022-03-08,Tuesday,12,0,1805
2022-03-09,Wednesday,39,0,1766
2022-03-10,Thursday,239,0,1527
2022-03-11,Friday,186,0,1341
2022-03-12,Saturday,194,0,1147
2022-03-13,Sunday,0,0,1147
2022-03-14,Monday,4,720,1863
2022-03-15,Tuesday,19,0,1844
2022-03-16,Wednesday,45,0,1799
2022-03-17,Thursday,144,0,1655
2022-03-18,Friday,174,0,1481
2022-03-19,Saturday,191,0,1290
2022-03-20,Sunday,0,0,1290
2022-03-21,Monday,3,720,2007
2022-03-22,Tuesday,15,0,1992
2022-03-23,Wednesday,65,0,1927
2022-03-24,Thursday,135,0,1792
2022-03-25,Friday,191,0,1601
2022-03-26,Saturday,231,0,1370
2022-03-27,Sunday,0,0,1370
2022-03-28,Monday,3,720,2087
2022-03-29,Tuesday,26,0,2061
2022-03-30,Wednesday,67,0,1994
2022-03-31,Thursday,251,0,1743
2022-04-01,Friday,300,0,1443
2022-04-02,Saturday,158,0,1285
2022-04-03,Sunday,0,0,1285
2022-04-04,Monday,7,720,1998
2022-04-05,Tuesday,17,0,1981
2022-04-06,Wednesday,41,0,1940
2022-04-07,Thursday,61,0,1879
2022-04-08,Friday,275,0,1604
2022-04-09,Saturday,144,0,1460
2022-04-10,Sunday,0,0,1460
2022-04-11,Monday,6,720,2174
2022-04-12,Tuesday,20,0,2154
2022-04-13,Wednesday,55,0,2099
2022-04-14,Thursday,206,0,1893
2022-04-15,Friday,150,0,1743
2022-04-16,Saturday,176,0,1567
2022-04-17,Sunday,0,0,1567
2022-04-18,Monday,6,720,2281
2022-04-19,Tuesday,23,0,2258
2022-04-20,Wednesday,30,0,2228
2022-04-21,Thursday,95,0,2133
2022-04-22,Friday,184,0,1949
2022-04-23,Saturday,146,0,1803
2022-04-24,Sunday,0,0,1803
2022-04-25,Monday,4,720,2519
2022-04-26,Tuesday,27,0,2492
2022-04-27,Wednesday,20,0,2472
2022-04-28,Thursday,64,0,2408
2022-04-29,Friday,261,0,2147
2022-04-30,Saturday,242,0,1905
2022-05-01,Sunday,0,0,1905
2022-05-02,Monday,4,720,2621
2022-05-03,Tuesday,30,0,2591
2022-05-04,Wednesday,26,0,2565
2022-05-05,Thursday,193,0,2372
2022-05-06,Friday,261,0,2111
2022-05-07,Saturday,83,0,2028
2022-05-08,Sunday,0,0,2028
2022-05-09,Monday,5,720,2743
2022-05-10,Tuesday,23,0,2720
2022-05-11,Wednesday,54,0,2666
2022-05-12,Thursday,186,0,2480
2022-05-13,Friday,292,0,2188
2022-05-14,Saturday,140,0,2048
2022-05-15,Sunday,0,0,2048
2022-05-16,Monday,4,720,2764
2022-05-17,Tuesday,24,0,2740
2022-05-18,Wednesday,58,0,2682
2022-05-19,Thursday,216,0,2466
2022-05-20,Friday,201,0,2265
2022-05-21,Saturday,273,0,1992
2022-05-22,Sunday,0,0,1992
2022-05-23,Monday,2,720,2710
2022-05-24,Tuesday,17,0,2693
2022-05-25,Wednesday,40,0,2653
2022-05-26,Thursday,29,0,2624
2022-05-27,Friday,234,0,2390
2022-05-28,Saturday,118,0,2272
2022-05-29,Sunday,0,0,2272
2022-05-30,Monday,7,720,2985
2022-05-31,Tuesday,25,0,2960
2022-06-01,Wednesday,45,0,2915
2022-06-02,Thursday,173,0,2742
2022-06-03,Friday,197,0,2545
2022-06-04,Saturday,171,0,2374
2022-06-05,Sunday,0,0,2374
2022-06-06,Monday,7,720,3087
2022-06-07,Tuesday,17,0,3070
2022-06-08,Wednesday,32,0,3038
2022-06-09,Thursday,282,0,2756
2022-06-10,Friday,262,0,2494
2022-06-11,Saturday,195,0,2299
2022-06-12,Sunday,0,0,2299
2022-06-13,Monday,5,720,3014
2022-06-14,Tuesday,16,0,2998
2022-06-15,Wednesday,49,0,2949
2022-06-16,Thursday,77,0,2872
2022-06-17,Friday,275,0,2597
2022-06-18,Saturday,243,0,2354
2022-06-19,Sunday,0,0,2354
2022-06-20,Monday,7,720,3067
2022-06-21,Tuesday,23,0,3044
2022-06-22,Wednesday,59,0,2985
2022-06-23,Thursday,126,0,2859
2022-06-24,Friday,240,0,2619
2022-06-25,Saturday,200,0,2419
2022-06-26,Sunday,0,0,2419
2022-06-27,Monday,2,720,3137
2022-06-28,Tuesday,13,0,3124
2022-06-29,Wednesday,44,0,3080
2022-06-30,Thursday,106,0,2974
2022-07-01,Friday,161,0,2813
2022-07-02,Saturday,149,0,2664
2022-07-03,Sunday,0,0,2664
2022-07-04,Monday,6,720,3378
2022-07-05,Tuesday,24,0,3354
2022-07-06,Wednesday,44,0,3310
2022-07-07,Thursday,85,0,3225
2022-07-08,Friday,209,0,3016
2022-07-09,Saturday,217,0,2799
2022-07-10,Sunday,0,0,2799
2022-07-11,Monday,8,720,3511
2022-07-12,Tuesday,15,0,3496
2022-07-13,Wednesday,62,0,3434
2022-07-14,Thursday,86,0,3348
2022-07-15,Friday,254,0,3094
2022-07-16,Saturday,117,0,2977
2022-07-17,Sunday,0,0,2977
2022-07-18,Monday,5,720,3692
2022-07-19,Tuesday,31,0,3661
2022-07-20,Wednesday,35,0,3626
2022-07-21,Thursday,91,0,3535
2022-07-22,Friday,239,0,3296
2022-07-23,Saturday,389,0,2907
2022-07-24,Sunday,0,0,2907
2022-07-25,Monday,3,720,3624
2022-07-26,Tuesday,27,0,3597
2022-07-27,Wednesday,36,0,3561
2022-07-28,Thursday,230,0,3331
2022-07-29,Friday,188,0,3143
2022-07-30,Saturday,224,0,2919
2022-07-31,Sunday,0,0,2919
2022-08-01,Monday,6,720,3633
2022-08-02,Tuesday,17,0,3616
2022-08-03,Wednesday,25,0,3591
2022-08-04,Thursday,156,0,3435
2022-08-05,Friday,223,0,3212
2022-08-06,Saturday,218,0,2994
2022-08-07,Sunday,0,0,2994
2022-08-08,Monday,7,720,3707
2022-08-09,Tuesday,21,0,3686
2022-08-10,Wednesday,30,0,3656
2022-08-11,Thursday,217,0,3439
2022-08-12,Friday,196,0,3243
2022-08-13,Saturday,179,0,3064
2022-08-14,Sunday,0,0,3064
2022-08-15,Monday,2,720,3782
2022-08-16,Tuesday,20,0,3762
2022-08-17,Wednesday,54,0,3708
2022-08-18,Thursday,120,0,3588
2022-08-19,Friday,152,0,3436
2022-08-20,Saturday,138,0,3298
2022-08-21,Sunday,0,0,3298
2022-08-22,Monday,6,720,4012
2022-08-23,Tuesday,26,0,3986
2022-08-24,Wednesday,39,0,3947
2022-08-25,Thursday,178,0,3769
2022-08-26,Friday,129,0,3640
2022-08-27,Saturday,284,0,3356
2022-08-28,Sunday,0,0,3356
2022-08-29,Monday,4,720,4072
2022-08-30,Tuesday,22,0,4050
2022-08-31,Wednesday,45,0,4005
2022-09-01,Thursday,188,0,3817
2022-09-02,Friday,229,0,3588
2022-09-03,Saturday,192,0,3396
2022-09-04,Sunday,0,0,3396
2022-09-05,Monday,6,720,4110
2022-09-06,Tuesday,15,0,4095
2022-09-07,Wednesday,23,0,4072
2022-09-08,Thursday,147,0,3925
2022-09-09,Friday,64,0,3861
2022-09-10,Saturday,251,0,3610
2022-09-11,Sunday,0,0,3610
2022-09-12,Monday,7,720,4323
2022-09-13,Tuesday,28,0,4295
2022-09-14,Wednesday,42,0,4253
2022-09-15,Thursday,152,0,4101
2022-09-16,Friday,135,0,3966
2022-09-17,Saturday,241,0,3725
2022-09-18,Sunday,0,0,3725
2022-09-19,Monday,2,720,4443
2022-09-20,Tuesday,21,0,4422
2022-09-21,Wednesday,17,0,4405
2022-09-22,Thursday,119,0,4286
2022-09-23,Friday,113,0,4173
2022-09-24,Saturday,190,0,3983
2022-09-25,Sunday,0,0,3983
2022-09-26,Monday,2,720,4701
2022-09-27,Tuesday,15,0,4686
2022-09-28,Wednesday,46,0,4640
2022-09-29,Thursday,169,0,4471
2022-09-30,Friday,129,0,4342
2022-10-01,Saturday,228,0,4114
2022-10-02,Sunday,0,0,4114
2022-10-03,Monday,7,720,4827
2022-10-04,Tuesday,27,0,4800
2022-10-05,Wednesday,28,0,4772
2022-10-06,Thursday,147,0,4625
2022-10-07,Friday,119,0,4506
2022-10-08,Saturday,232,0,4274
2022-10-09,Sunday,0,0,4274
2022-10-10,Monday,5,720,4989
2022-10-11,Tuesday,6,0,4983
2022-10-12,Wednesday,53,0,4930
2022-10-13,Thursday,129,0,4801
2022-10-14,Friday,92,0,4709
2022-10-15,Saturday,236,0,4473
2022-10-16,Sunday,0,0,4473
2022-10-17,Monday,8,720,5185
2022-10-18,Tuesday,22,0,5163
2022-10-19,Wednesday,48,0,5115
2022-10-20,Thursday,170,0,4945
2022-10-21,Friday,158,0,4787
2022-10-22,Saturday,169,0,4618
2022-10-23,Sunday,0,0,4618
2022-10-24,Monday,6,720,5332
2022-10-25,Tuesday,19,0,5313
2022-10-26,Wednesday,12,0,5301
2022-10-27,Thursday,128,0,5173
2022-10-28,Friday,193,0,4980
2022-10-29,Saturday,175,0,4805
2022-10-30,Sunday,0,0,4805
2022-10-31,Monday,6,720,5519
2022-11-01,Tuesday,23,0,5496
2022-11-02,Wednesday,58,0,5438
2022-11-03,Thursday,107,0,5331
2022-11-04,Friday,204,0,5127
2022-11-05,Saturday,163,0,4964
2022-11-06,Sunday,0,0,4964
2022-11-07,Monday,3,720,5681
2022-11-08,Tuesday,30,0,5651
2022-11-09,Wednesday,54,0,5597
2022-11-10,Thursday,202,0,5395
2022-11-11,Friday,281,0,5114
2022-11-12,Saturday,237,0,4877
2022-11-13,Sunday,0,0,4877
2022-11-14,Monday,6,720,5591
2022-11-15,Tuesday,17,0,5574
2022-11-16,Wednesday,51,0,5523
2022-11-17,Thursday,138,0,5385
2022-11-18,Friday,218,0,5167
2022-11-19,Saturday,92,0,5075
2022-11-20,Sunday,0,0,5075
2022-11-21,Monday,7,720,5788
2022-11-22,Tuesday,19,0,5769
2022-11-23,Wednesday,55,0,5714
2022-11-24,Thursday,96,0,5618
2022-11-25,Friday,167,0,5451
2022-11-26,Saturday,197,0,5254
2022-11-27,Sunday,0,0,5254
2022-11-28,Monday,6,720,5968
2022-11-29,Tuesday,23,0,5945
2022-11-30,Wednesday,18,0,5927
2022-12-01,Thursday,87,0,5840
2022-12-02,Friday,148,0,5692
2022-12-03,Saturday,142,0,5550
2022-12-04,Sunday,0,0,5550
2022-12-05,Monday,6,720,6264
2022-12-06,Tuesday,24,0,6240
2022-12-07,Wednesday,52,0,6188
2022-12-08,Thursday,153,0,6035
2022-12-09,Friday,217,0,5818
2022-12-10,Saturday,203,0,5615
2022-12-11,Sunday,0,0,5615
2022-12-12,Monday,2,720,6333
2022-12-13,Tuesday,17,0,6316
2022-12-14,Wednesday,31,0,6285
2022-12-15,Thursday,151,0,6134
2022-12-16,Friday,112,0,6022
2022-12-17,Saturday,193,0,5829
2022-12-18,Sunday,0,0,5829
2022-12-19,Monday,6,720,6543
2022-12-20,Tuesday,19,0,6524
2022-12-21,Wednesday,57,0,6467
2022-12-22,Thursday,184,0,6283
2022-12-23,Friday,298,0,5985
2022-12-24,Saturday,101,0,5884
2022-12-25,Sunday,0,0,5884
2022-12-26,Monday,5,720,6599
2022-12-27,Tuesday,16,0,6583
2022-12-28,Wednesday,51,0,6532
2022-12-29,Thursday,176,0,6356
2022-12-30,Friday,175,0,6181
2022-12-31,Saturday,301,0,5880
2023-01-01,Sunday,0,0,5880
2023-01-02,Monday,6,720,6594
2023-01-03,Tuesday,19,0,6575
2023-01-04,Wednesday,33,0,6542
2023-01-05,Thursday,141,0,6401
2023-01-06,Friday,164,0,6237
2023-01-07,Saturday,268,0,5969
2023-01-08,Sunday,0,0,5969
2023-01-09,Monday,5,720,6684
2023-01-10,Tuesday,10,0,6674
2023-01-11,Wednesday,21,0,6653
2023-01-12,Thursday,201,0,6452
2023-01-13,Friday,197,0,6255
2023-01-14,Saturday,102,0,6153
2023-01-15,Sunday,0,0,6153
2023-01-16,Monday,4,720,6869
2023-01-17,Tuesday,27,0,6842
2023-01-18,Wednesday,39,0,6803
2023-01-19,Thursday,83,0,6720
2023-01-20,Friday,226,0,6494
2023-01-21,Saturday,293,0,6201
2023-01-22,Sunday,0,0,6201
2023-01-23,Monday,6,720,6915
2023-01-24,Tuesday,30,0,6885
2023-01-25,Wednesday,41,0,6844
2023-01-26,Thursday,168,0,6676
2023-01-27,Friday,287,0,6389
2023-01-28,Saturday,238,0,6151
2023-01-29,Sunday,0,0,6151
2023-01-30,Monday,7,720,6864
2023-01-31,Tuesday,13,0,6851
2023-02-01,Wednesday,54,0,6797
2023-02-02,Thursday,46,0,6751
2023-02-03,Friday,140,0,6611
2023-02-04,Saturday,72,0,6539
2023-02-05,Sunday,0,0,6539
2023-02-06,Monday,4,720,7255
2023-02-07,Tuesday,20,0,7235
2023-02-08,Wednesday,34,0,7201
2023-02-09,Thursday,137,0,7064
2023-02-10,Friday,172,0,6892
2023-02-11,Saturday,237,0,6655
2023-02-12,Sunday,0,0,6655
2023-02-13,Monday,3,720,7372
2023-02-14,Tuesday,15,0,7357
2023-02-15,Wednesday,44,0,7313
2023-02-16,Thursday,161,0,7152
2023-02-17,Friday,210,0,6942
2023-02-18,Saturday,251,0,6691
2023-02-19,Sunday,0,0,6691
2023-02-20,Monday,5,720,7406
2023-02-21,Tuesday,26,0,7380
2023-02-22,Wednesday,49,0,7331
2023-02-23,Thursday,130,0,7201
2023-02-24,Friday,234,0,6967
2023-02-25,Saturday,218,0,6749
2023-02-26,Sunday,0,0,6749
2023-02-27,Monday,5,720,7464
2023-02-28,Tuesday,23,0,7441
2023-03-01,Wednesday,47,0,7394
2023-03-02,Thursday,170,0,7224
2023-03-03,Friday,234,0,6990
2023-03-04,Saturday,191,0,6799
2023-03-05,Sunday,0,0,6799
2023-03-06,Monday,4,720,7515
2023-03-07,Tuesday,26,0,7489
2023-03-08,Wednesday,56,0,7433
2023-03-09,Thursday,219,0,7214
2023-03-10,Friday,285,0,6929
2023-03-11,Saturday,212,0,6717
2023-03-12,Sunday,0,0,6717
2023-03-13,Monday,4,720,7433
2023-03-14,Tuesday,15,0,7418
2023-03-15,Wednesday,45,0,7373
2023-03-16,Thursday,157,0,7216
2023-03-17,Friday,179,0,7037
2023-03-18,Saturday,188,0,6849
2023-03-19,Sunday,0,0,6849
2023-03-20,Monday,6,720,7563
2023-03-21,Tuesday,16,0,7547
2023-03-22,Wednesday,37,0,7510
2023-03-23,Thursday,125,0,7385
2023-03-24,Friday,257,0,7128
2023-03-25,Saturday,241,0,6887
2023-03-26,Sunday,0,0,6887
2023-03-27,Monday,3,720,7604
2023-03-28,Tuesday,22,0,7582
2023-03-29,Wednesday,39,0,7543
2023-03-30,Thursday,61,0,7482
2023-03-31,Friday,263,0,7219
2023-04-01,Saturday,245,0,6974
2023-04-02,Sunday,0,0,6974
2023-04-03,Monday,6,720,7688
2023-04-04,Tuesday,9,0,7679
2023-04-05,Wednesday,37,0,7642
