fecha,nombre_dia,ventas,compra,Inventario
2022-01-01,Saturday,249,0,471
2022-01-02,Sunday,0,0,471
2022-01-03,Monday,8,720,1183
2022-01-04,Tuesday,23,0,1160
2022-01-05,Wednesday,32,0,1128
2022-01-06,Thursday,170,0,958
2022-01-07,Friday,268,0,690
2022-01-08,Saturday,240,0,450
2022-01-09,Sunday,0,0,450
2022-01-10,Monday,3,720,1167
2022-01-11,Tuesday,19,0,1148
2022-01-12,Wednesday,45,0,1103
2022-01-13,Thursday,125,0,978
2022-01-14,Friday,225,0,753
2022-01-15,Saturday,273,0,480
2022-01-16,Sunday,0,0,480
2022-01-17,Monday,7,720,1193
2022-01-18,Tuesday,24,0,1169
2022-01-19,Wednesday,31,0,1138
2022-01-20,Thursday,142,0,996
2022-01-21,Friday,210,0,786
2022-01-22,Saturday,144,0,642
2022-01-23,Sunday,0,0,642
2022-01-24,Monday,8,720,1354
2022-01-25,Tuesday,20,0,1334
2022-01-26,Wednesday,58,0,1276
2022-01-27,Thursday,139,0,1137
2022-01-28,Friday,185,0,952
2022-01-29,Saturday,219,0,733
2022-01-30,Sunday,0,0,733
2022-01-31,Monday,4,720,1449
2022-02-01,Tuesday,10,0,1439
2022-02-02,Wednesday,52,0,1387
2022-02-03,Thursday,137,0,1250
2022-02-04,Friday,267,0,983
2022-02-05,Saturday,148,0,835
2022-02-06,Sunday,0,0,835
2022-02-07,Monday,7,720,1548
2022-02-08,Tuesday,21,0,1527
2022-02-09,Wednesday,12,0,1515
2022-02-10,Thursday,61,0,1454
2022-02-11,Friday,173,0,1281
2022-02-12,Saturday,157,0,1124
2022-02-13,Sunday,0,0,1124
2022-02-14,Monday,8,720,1836
2022-02-15,Tuesday,13,0,1823
2022-02-16,Wednesday,34,0,1789
2022-02-17,Thursday,123,0,1666
2022-02-18,Friday,276,0,1390
2022-02-19,Saturday,287,0,1103
2022-02-20,Sunday,0,0,1103
2022-02-21,Monday,5,720,1818
2022-02-22,Tuesday,18,0,1800
2022-02-23,Wednesday,44,0,1756
2022-02-24,Thursday,107,0,1649
2022-02-25,Friday,162,0,1487
2022-02-26,Saturday,137,0,1350
2022-02-27,Sunday,0,0,1350
2022-02-28,Monday,8,720,2062
2022-03-01,Tuesday,5,0,2057
2022-03-02,Wednesday,30,0,2027
2022-03-03,Thursday,230,0,1797
2022-03-04,Friday,281,0,1516
2022-03-05,Saturday,170,0,1346
2022-03-06,Sunday,0,0,1346
2022-03-07,Monday,5,720,2061
2022-03-08,Tuesday,16,0,2045
2022-03-09,Wednesday,38,0,2007
2022-03-10,Thursday,85,0,1922
2022-03-11,Friday,194,0,1728
2022-03-12,Saturday,198,0,1530
2022-03-13,Sunday,0,0,1530
2022-03-14,Monday,6,720,2244
2022-03-15,Tuesday,19,0,2225
2022-03-16,Wednesday,42,0,2183
2022-03-17,Thursday,101,0,2082
2022-03-18,Friday,316,0,1766
2022-03-19,Saturday,72,0,1694
2022-03-20,Sunday,0,0,1694
2022-03-21,Monday,3,720,2411
2022-03-22,Tuesday,17,0,2394
2022-03-23,Wednesday,39,0,2355
2022-03-24,Thursday,228,0,2127
2022-03-25,Friday,184,0,1943
2022-03-26,Saturday,373,0,1570
2022-03-27,Sunday,0,0,1570
2022-03-28,Monday,9,720,2281
2022-03-29,Tuesday,26,0,2255
2022-03-30,Wednesday,26,0,2229
2022-03-31,Thursday,153,0,2076
2022-04-01,Friday,243,0,1833
2022-04-02,Saturday,192,0,1641
2022-04-03,Sunday,0,0,1641
2022-04-04,Monday,5,720,2356
2022-04-05,Tuesday,9,0,2347
2022-04-06,Wednesday,29,0,2318
2022-04-07,Thursday,110,0,2208
2022-04-08,Friday,185,0,2023
2022-04-09,Saturday,56,0,1967
2022-04-10,Sunday,0,0,1967
2022-04-11,Monday,6,720,2681
2022-04-12,Tuesday,11,0,2670
2022-04-13,Wednesday,34,0,2636
2022-04-14,Thursday,70,0,2566
2022-04-15,Friday,179,0,2387
2022-04-16,Saturday,127,0,2260
2022-04-17,Sunday,0,0,2260
2022-04-18,Monday,5,720,2975
2022-04-19,Tuesday,23,0,2952
2022-04-20,Wednesday,31,0,2921
2022-04-21,Thursday,196,0,2725
2022-04-22,Friday,134,0,2591
2022-04-23,Saturday,211,0,2380
2022-04-24,Sunday,0,0,2380
2022-04-25,Monday,5,720,3095
2022-04-26,Tuesday,23,0,3072
2022-04-27,Wednesday,36,0,3036
2022-04-28,Thursday,127,0,2909
2022-04-29,Friday,116,0,2793
2022-04-30,Saturday,256,0,2537
2022-05-01,Sunday,0,0,2537
2022-05-02,Monday,2,720,3255
2022-05-03,Tuesday,18,0,3237
2022-05-04,Wednesday,28,0,3209
2022-05-05,Thursday,90,0,3119
2022-05-06,Friday,229,0,2890
2022-05-07,Saturday,62,0,2828
2022-05-08,Sunday,0,0,2828
2022-05-09,Monday,3,720,3545
2022-05-10,Tuesday,6,0,3539
2022-05-11,Wednesday,60,0,3479
2022-05-12,Thursday,157,0,3322
2022-05-13,Friday,173,0,3149
2022-05-14,Saturday,281,0,2868
2022-05-15,Sunday,0,0,2868
2022-05-16,Monday,7,720,3581
2022-05-17,Tuesday,24,0,3557
2022-05-18,Wednesday,59,0,3498
2022-05-19,Thursday,153,0,3345
2022-05-20,Friday,145,0,3200
2022-05-21,Saturday,238,0,2962
2022-05-22,Sunday,0,0,2962
2022-05-23,Monday,4,720,3678
2022-05-24,Tuesday,28,0,3650
2022-05-25,Wednesday,33,0,3617
2022-05-26,Thursday,125,0,3492
2022-05-27,Friday,108,0,3384
2022-05-28,Saturday,176,0,3208
2022-05-29,Sunday,0,0,3208
2022-05-30,Monday,7,720,3921
2022-05-31,Tuesday,26,0,3895
2022-06-01,Wednesday,26,0,3869
2022-06-02,Thursday,182,0,3687
2022-06-03,Friday,181,0,3506
2022-06-04,Saturday,233,0,3273
2022-06-05,Sunday,0,0,3273
2022-06-06,Monday,6,720,3987
2022-06-07,Tuesday,15,0,3972
2022-06-08,Wednesday,31,0,3941
2022-06-09,Thursday,151,0,3790
2022-06-10,Friday,309,0,3481
2022-06-11,Saturday,145,0,3336
2022-06-12,Sunday,0,0,3336
2022-06-13,Monday,5,720,4051
2022-06-14,Tuesday,21,0,4030
2022-06-15,Wednesday,20,0,4010
2022-06-16,Thursday,59,0,3951
2022-06-17,Friday,94,0,3857
2022-06-18,Saturday,191,0,3666
2022-06-19,Sunday,0,0,3666
2022-06-20,Monday,6,720,4380
2022-06-21,Tuesday,11,0,4369
2022-06-22,Wednesday,40,0,4329
2022-06-23,Thursday,141,0,4188
2022-06-24,Friday,133,0,4055
2022-06-25,Saturday,161,0,3894
2022-06-26,Sunday,0,0,3894
2022-06-27,Monday,3,720,4611
2022-06-28,Tuesday,22,0,4589
2022-06-29,Wednesday,58,0,4531
2022-06-30,Thursday,156,0,4375
2022-07-01,Friday,198,0,4177
2022-07-02,Saturday,206,0,3971
2022-07-03,Sunday,0,0,3971
2022-07-04,Monday,5,720,4686
2022-07-05,Tuesday,24,0,4662
2022-07-06,Wednesday,63,0,4599
2022-07-07,Thursday,144,0,4455
2022-07-08,Friday,155,0,4300
2022-07-09,Saturday,263,0,4037
2022-07-10,Sunday,0,0,4037
2022-07-11,Monday,5,720,4752
2022-07-12,Tuesday,28,0,4724
2022-07-13,Wednesday,34,0,4690
2022-07-14,Thursday,99,0,4591
2022-07-15,Friday,175,0,4416
2022-07-16,Saturday,131,0,4285
2022-07-17,Sunday,0,0,4285
2022-07-18,Monday,6,720,4999
2022-07-19,Tuesday,17,0,4982
2022-07-20,Wednesday,52,0,4930
2022-07-21,Thursday,163,0,4767
2022-07-22,Friday,246,0,4521
2022-07-23,Saturday,84,0,4437
2022-07-24,Sunday,0,0,4437
2022-07-25,Monday,5,720,5152
2022-07-26,Tuesday,15,0,5137
2022-07-27,Wednesday,44,0,5093
2022-07-28,Thursday,90,0,5003
2022-07-29,Friday,149,0,4854
2022-07-30,Saturday,133,0,4721
2022-07-31,Sunday,0,0,4721
2022-08-01,Monday,3,720,5438
2022-08-02,Tuesday,21,0,5417
2022-08-03,Wednesday,49,0,5368
2022-08-04,Thursday,205,0,5163
2022-08-05,Friday,228,0,4935
2022-08-06,Saturday,205,0,4730
2022-08-07,Sunday,0,0,4730
2022-08-08,Monday,4,720,5446
2022-08-09,Tuesday,25,0,5421
2022-08-10,Wednesday,48,0,5373
2022-08-11,Thursday,85,0,5288
2022-08-12,Friday,210,0,5078
2022-08-13,Saturday,252,0,4826
2022-08-14,Sunday,0,0,4826
2022-08-15,Monday,2,720,5544
2022-08-16,Tuesday,8,0,5536
2022-08-17,Wednesday,30,0,5506
2022-08-18,Thursday,156,0,5350
2022-08-19,Friday,138,0,5212
2022-08-20,Saturday,80,0,5132
2022-08-21,Sunday,0,0,5132
2022-08-22,Monday,3,720,5849
2022-08-23,Tuesday,25,0,5824
2022-08-24,Wednesday,31,0,5793
2022-08-25,Thursday,182,0,5611
2022-08-26,Friday,173,0,5438
2022-08-27,Saturday,116,0,5322
2022-08-28,Sunday,0,0,5322
2022-08-29,Monday,5,720,6037
2022-08-30,Tuesday,36,0,6001
2022-08-31,Wednesday,38,0,5963
2022-09-01,Thursday,134,0,5829
2022-09-02,Friday,260,0,5569
2022-09-03,Saturday,242,0,5327
2022-09-04,Sunday,0,0,5327
2022-09-05,Monday,2,720,6045
2022-09-06,Tuesday,16,0,6029
2022-09-07,Wednesday,29,0,6000
2022-09-08,Thursday,121,0,5879
2022-09-09,Friday,245,0,5634
2022-09-10,Saturday,191,0,5443
2022-09-11,Sunday,0,0,5443
2022-09-12,Monday,6,720,6157
2022-09-13,Tuesday,10,0,6147
2022-09-14,Wednesday,31,0,6116
2022-09-15,Thursday,180,0,5936
2022-09-16,Friday,218,0,5718
2022-09-17,Saturday,188,0,5530
2022-09-18,Sunday,0,0,5530
2022-09-19,Monday,8,720,6242
2022-09-20,Tuesday,19,0,6223
2022-09-21,Wednesday,15,0,6208
2022-09-22,Thursday,154,0,6054
2022-09-23,Friday,155,0,5899
2022-09-24,Saturday,265,0,5634
2022-09-25,Sunday,0,0,5634
2022-09-26,Monday,4,720,6350
2022-09-27,Tuesday,9,0,6341
2022-09-28,Wednesday,35,0,6306
2022-09-29,Thursday,103,0,6203
2022-09-30,Friday,242,0,5961
2022-10-01,Saturday,242,0,5719
2022-10-02,Sunday,0,0,5719
2022-10-03,Monday,6,720,6433
2022-10-04,Tuesday,11,0,6422
2022-10-05,Wednesday,73,0,6349
2022-10-06,Thursday,130,0,6219
2022-10-07,Friday,179,0,6040
2022-10-08,Saturday,237,0,5803
2022-10-09,Sunday,0,0,5803
2022-10-10,Monday,7,720,6516
2022-10-11,Tuesday,27,0,6489
2022-10-12,Wednesday,26,0,6463
2022-10-13,Thursday,116,0,6347
2022-10-14,Friday,268,0,6079
2022-10-15,Saturday,154,0,5925
2022-10-16,Sunday,0,0,5925
2022-10-17,Monday,5,720,6640
2022-10-18,Tuesday,23,0,6617
2022-10-19,Wednesday,27,0,6590
2022-10-20,Thursday,143,0,6447
2022-10-21,Friday,198,0,6249
2022-10-22,Saturday,263,0,5986
2022-10-23,Sunday,0,0,5986
2022-10-24,Monday,3,720,6703
2022-10-25,Tuesday,13,0,6690
2022-10-26,Wednesday,46,0,6644
2022-10-27,Thursday,199,0,6445
2022-10-28,Friday,145,0,6300
2022-10-29,Saturday,331,0,5969
2022-10-30,Sunday,0,0,5969
2022-10-31,Monday,5,720,6684
2022-11-01,Tuesday,9,0,6675
2022-11-02,Wednesday,31,0,6644
2022-11-03,Thursday,183,0,6461
2022-11-04,Friday,177,0,6284
2022-11-05,Saturday,188,0,6096
2022-11-06,Sunday,0,0,6096
2022-11-07,Monday,3,720,6813
2022-11-08,Tuesday,11,0,6802
2022-11-09,Wednesday,56,0,6746
2022-11-10,Thursday,160,0,6586
2022-11-11,Friday,63,0,6523
2022-11-12,Saturday,209,0,6314
2022-11-13,Sunday,0,0,6314
2022-11-14,Monday,5,720,7029
2022-11-15,Tuesday,13,0,7016
2022-11-16,Wednesday,41,0,6975
2022-11-17,Thursday,140,0,6835
2022-11-18,Friday,211,0,6624
2022-11-19,Saturday,143,0,6481
2022-11-20,Sunday,0,0,6481
2022-11-21,Monday,5,720,7196
2022-11-22,Tuesday,17,0,7179
2022-11-23,Wednesday,25,0,7154
2022-11-24,Thursday,146,0,7008
2022-11-25,Friday,92,0,6916
2022-11-26,Saturday,149,0,6767
2022-11-27,Sunday,0,0,6767
2022-11-28,Monday,3,720,7484
2022-11-29,Tuesday,24,0,7460
2022-11-30,Wednesday,18,0,7442
2022-12-01,Thursday,125,0,7317
2022-12-02,Friday,271,0,7046
2022-12-03,Saturday,202,0,6844
2022-12-04,Sunday,0,0,6844
2022-12-05,Monday,5,720,7559
2022-12-06,Tuesday,24,0,7535
2022-12-07,Wednesday,22,0,7513
2022-12-08,Thursday,249,0,7264
2022-12-09,Friday,163,0,7101
2022-12-10,Saturday,152,0,6949
2022-12-11,Sunday,0,0,6949
2022-12-12,Monday,4,720,7665
2022-12-13,Tuesday,25,0,7640
2022-12-14,Wednesday,42,0,7598
2022-12-15,Thursday,148,0,7450
2022-12-16,Friday,274,0,7176
2022-12-17,Saturday,239,0,6937
2022-12-18,Sunday,0,0,6937
2022-12-19,Monday,5,720,7652
2022-12-20,Tuesday,27,0,7625
2022-12-21,Wednesday,27,0,7598
2022-12-22,Thursday,160,0,7438
2022-12-23,Friday,231,0,7207
2022-12-24,Saturday,147,0,7060
2022-12-25,Sunday,0,0,7060
2022-12-26,Monday,4,720,7776
2022-12-27,Tuesday,24,0,7752
2022-12-28,Wednesday,47,0,7705
2022-12-29,Thursday,179,0,7526
2022-12-30,Friday,133,0,7393
2022-12-31,Saturday,111,0,7282
2023-01-01,Sunday,0,0,7282
2023-01-02,Monday,5,720,7997
2023-01-03,Tuesday,24,0,7973
2023-01-04,Wednesday,41,0,7932
2023-01-05,Thursday,172,0,7760
2023-01-06,Friday,196,0,7564
2023-01-07,Saturday,157,0,7407
2023-01-08,Sunday,0,0,7407
2023-01-09,Monday,8,720,8119
2023-01-10,Tuesday,25,0,8094
2023-01-11,Wednesday,57,0,8037
2023-01-12,Thursday,168,0,7869
2023-01-13,Friday,168,0,7701
2023-01-14,Saturday,77,0,7624
2023-01-15,Sunday,0,0,7624
2023-01-16,Monday,6,720,8338
2023-01-17,Tuesday,28,0,8310
2023-01-18,Wednesday,25,0,8285
2023-01-19,Thursday,111,0,8174
2023-01-20,Friday,80,0,8094
2023-01-21,Saturday,299,0,7795
2023-01-22,Sunday,0,0,7795
2023-01-23,Monday,6,720,8509
2023-01-24,Tuesday,27,0,8482
2023-01-25,Wednesday,39,0,8443
2023-01-26,Thursday,148,0,8295
2023-01-27,Friday,182,0,8113
2023-01-28,Saturday,155,0,7958
2023-01-29,Sunday,0,0,7958
2023-01-30,Monday,2,720,8676
2023-01-31,Tuesday,12,0,8664
2023-02-01,Wednesday,33,0,8631
2023-02-02,Thursday,192,0,8439
2023-02-03,Friday,316,0,8123
2023-02-04,Saturday,212,0,7911
2023-02-05,Sunday,0,0,7911
2023-02-06,Monday,6,720,8625
2023-02-07,Tuesday,30,0,8595
2023-02-08,Wednesday,61,0,8534
2023-02-09,Thursday,89,0,8445
2023-02-10,Friday,143,0,8302
2023-02-11,Saturday,307,0,7995
2023-02-12,Sunday,0,0,7995
2023-02-13,Monday,4,720,8711
2023-02-14,Tuesday,13,0,8698
2023-02-15,Wednesday,39,0,8659
2023-02-16,Thursday,127,0,8532
2023-02-17,Friday,264,0,8268
2023-02-18,Saturday,268,0,8000
2023-02-19,Sunday,0,0,8000
2023-02-20,Monday,4,720,8716
2023-02-21,Tuesday,24,0,8692
2023-02-22,Wednesday,44,0,8648
2023-02-23,Thursday,176,0,8472
2023-02-24,Friday,130,0,8342
2023-02-25,Saturday,217,0,8125
2023-02-26,Sunday,0,0,8125
2023-02-27,Monday,2,720,8843
2023-02-28,Tuesday,22,0,8821
2023-03-01,Wednesday,49,0,8772
2023-03-02,Thursday,176,0,8596
2023-03-03,Friday,206,0,8390
2023-03-04,Saturday,196,0,8194
2023-03-05,Sunday,0,0,8194
2023-03-06,Monday,6,720,8908
2023-03-07,Tuesday,19,0,8889
2023-03-08,Wednesday,23,0,8866
2023-03-09,Thursday,112,0,8754
2023-03-10,Friday,230,0,8524
2023-03-11,Saturday,159,0,8365
2023-03-12,Sunday,0,0,8365
2023-03-13,Monday,4,720,9081
2023-03-14,Tuesday,14,0,9067
2023-03-15,Wednesday,41,0,9026
2023-03-16,Thursday,205,0,8821
2023-03-17,Friday,259,0,8562
2023-03-18,Saturday,60,0,8502
2023-03-19,Sunday,0,0,8502
2023-03-20,Monday,6,720,9216
2023-03-21,Tuesday,5,0,9211
2023-03-22,Wednesday,61,0,9150
2023-03-23,Thursday,200,0,8950
2023-03-24,Friday,210,0,8740
2023-03-25,Saturday,240,0,8500
2023-03-26,Sunday,0,0,8500
2023-03-27,Monday,8,720,9212
2023-03-28,Tuesday,25,0,9187
2023-03-29,Wednesday,58,0,9129
2023-03-30,Thursday,81,0,9048
2023-03-31,Friday,152,0,8896
2023-04-01,Saturday,109,0,8787
2023-04-02,Sunday,0,0,8787
2023-04-03,Monday,5,720,9502
2023-04-04,Tuesday,8,0,9494
2023-04-05,Wednesday,26,0,9468
